----- 1 / 177 -----
19
60 BREW 0 0 -5 0 18 3 4 0 0
42 BREW -2 -2 0 0 7 1 4 0 0
75 BREW -1 -3 -1 -1 16 0 0 0 0
43 BREW -3 -2 0 0 7 0 0 0 0
61 BREW 0 0 0 -4 16 0 0 0 0
36 LEARN 0 -3 3 0 0 0 0 0 1
32 LEARN 1 1 3 -2 0 1 0 0 1
1 LEARN 3 -1 0 0 0 2 0 0 1
37 LEARN -3 3 0 0 0 3 0 0 1
39 LEARN 0 0 -2 2 0 4 0 0 1
17 LEARN -2 0 1 0 0 5 0 0 1
78 CAST 2 0 0 0 0 -1 -1 1 0
79 CAST -1 1 0 0 0 -1 -1 1 0
80 CAST 0 -1 1 0 0 -1 -1 1 0
81 CAST 0 0 -1 1 0 -1 -1 1 0
82 OPPONENT_CAST 2 0 0 0 0 -1 -1 1 0
83 OPPONENT_CAST -1 1 0 0 0 -1 -1 1 0
84 OPPONENT_CAST 0 -1 1 0 0 -1 -1 1 0
85 OPPONENT_CAST 0 0 -1 1 0 -1 -1 1 0
3 0 0 0 0
3 0 0 0 0
----- 3 / 177 -----
20
60 BREW 0 0 -5 0 18 3 4 0 0
42 BREW -2 -2 0 0 7 1 4 0 0
75 BREW -1 -3 -1 -1 16 0 0 0 0
43 BREW -3 -2 0 0 7 0 0 0 0
61 BREW 0 0 0 -4 16 0 0 0 0
32 LEARN 1 1 3 -2 0 0 0 0 1
1 LEARN 3 -1 0 0 0 1 0 0 1
37 LEARN -3 3 0 0 0 2 0 0 1
39 LEARN 0 0 -2 2 0 3 0 0 1
17 LEARN -2 0 1 0 0 4 0 0 1
23 LEARN 1 -3 1 1 0 5 0 0 1
78 CAST 2 0 0 0 0 -1 -1 1 0
79 CAST -1 1 0 0 0 -1 -1 1 0
80 CAST 0 -1 1 0 0 -1 -1 1 0
81 CAST 0 0 -1 1 0 -1 -1 1 0
86 CAST 0 -3 3 0 0 -1 -1 1 1
82 OPPONENT_CAST 2 0 0 0 0 -1 -1 1 0
83 OPPONENT_CAST -1 1 0 0 0 -1 -1 0 0
84 OPPONENT_CAST 0 -1 1 0 0 -1 -1 1 0
85 OPPONENT_CAST 0 0 -1 1 0 -1 -1 1 0
3 0 0 0 0
2 1 0 0 0
----- 5 / 177 -----
21
60 BREW 0 0 -5 0 18 3 4 0 0
42 BREW -2 -2 0 0 7 1 4 0 0
75 BREW -1 -3 -1 -1 16 0 0 0 0
43 BREW -3 -2 0 0 7 0 0 0 0
61 BREW 0 0 0 -4 16 0 0 0 0
1 LEARN 3 -1 0 0 0 0 0 0 1
37 LEARN -3 3 0 0 0 1 0 0 1
39 LEARN 0 0 -2 2 0 2 0 0 1
17 LEARN -2 0 1 0 0 3 0 0 1
23 LEARN 1 -3 1 1 0 4 0 0 1
14 LEARN 0 0 0 1 0 5 0 0 0
78 CAST 2 0 0 0 0 -1 -1 1 0
79 CAST -1 1 0 0 0 -1 -1 1 0
80 CAST 0 -1 1 0 0 -1 -1 1 0
81 CAST 0 0 -1 1 0 -1 -1 1 0
86 CAST 0 -3 3 0 0 -1 -1 1 1
87 CAST 1 1 3 -2 0 -1 -1 1 1
82 OPPONENT_CAST 2 0 0 0 0 -1 -1 1 0
83 OPPONENT_CAST -1 1 0 0 0 -1 -1 0 0
84 OPPONENT_CAST 0 -1 1 0 0 -1 -1 0 0
85 OPPONENT_CAST 0 0 -1 1 0 -1 -1 1 0
3 0 0 0 0
2 0 1 0 0
----- 7 / 177 -----
22
60 BREW 0 0 -5 0 18 3 4 0 0
42 BREW -2 -2 0 0 7 1 4 0 0
75 BREW -1 -3 -1 -1 16 0 0 0 0
43 BREW -3 -2 0 0 7 0 0 0 0
61 BREW 0 0 0 -4 16 0 0 0 0
37 LEARN -3 3 0 0 0 0 0 0 1
39 LEARN 0 0 -2 2 0 1 0 0 1
17 LEARN -2 0 1 0 0 2 0 0 1
23 LEARN 1 -3 1 1 0 3 0 0 1
14 LEARN 0 0 0 1 0 4 0 0 0
13 LEARN 4 0 0 0 0 5 0 0 0
78 CAST 2 0 0 0 0 -1 -1 1 0
79 CAST -1 1 0 0 0 -1 -1 1 0
80 CAST 0 -1 1 0 0 -1 -1 1 0
81 CAST 0 0 -1 1 0 -1 -1 1 0
86 CAST 0 -3 3 0 0 -1 -1 1 1
87 CAST 1 1 3 -2 0 -1 -1 1 1
88 CAST 3 -1 0 0 0 -1 -1 1 1
82 OPPONENT_CAST 2 0 0 0 0 -1 -1 1 0
83 OPPONENT_CAST -1 1 0 0 0 -1 -1 1 0
84 OPPONENT_CAST 0 -1 1 0 0 -1 -1 1 0
85 OPPONENT_CAST 0 0 -1 1 0 -1 -1 1 0
3 0 0 0 0
2 0 1 0 0
----- 9 / 177 -----
23
60 BREW 0 0 -5 0 18 3 4 0 0
42 BREW -2 -2 0 0 7 1 4 0 0
75 BREW -1 -3 -1 -1 16 0 0 0 0
43 BREW -3 -2 0 0 7 0 0 0 0
61 BREW 0 0 0 -4 16 0 0 0 0
39 LEARN 0 0 -2 2 0 0 0 0 1
17 LEARN -2 0 1 0 0 1 0 0 1
23 LEARN 1 -3 1 1 0 2 0 0 1
14 LEARN 0 0 0 1 0 3 0 0 0
13 LEARN 4 0 0 0 0 4 0 0 0
40 LEARN 0 -2 2 0 0 5 0 0 1
78 CAST 2 0 0 0 0 -1 -1 1 0
79 CAST -1 1 0 0 0 -1 -1 1 0
80 CAST 0 -1 1 0 0 -1 -1 1 0
81 CAST 0 0 -1 1 0 -1 -1 1 0
86 CAST 0 -3 3 0 0 -1 -1 1 1
87 CAST 1 1 3 -2 0 -1 -1 1 1
88 CAST 3 -1 0 0 0 -1 -1 1 1
89 CAST -3 3 0 0 0 -1 -1 1 1
82 OPPONENT_CAST 2 0 0 0 0 -1 -1 1 0
83 OPPONENT_CAST -1 1 0 0 0 -1 -1 0 0
84 OPPONENT_CAST 0 -1 1 0 0 -1 -1 1 0
85 OPPONENT_CAST 0 0 -1 1 0 -1 -1 1 0
3 0 0 0 0
1 1 1 0 0
----- 11 / 177 -----
24
60 BREW 0 0 -5 0 18 3 4 0 0
42 BREW -2 -2 0 0 7 1 4 0 0
75 BREW -1 -3 -1 -1 16 0 0 0 0
43 BREW -3 -2 0 0 7 0 0 0 0
61 BREW 0 0 0 -4 16 0 0 0 0
17 LEARN -2 0 1 0 0 0 0 0 1
23 LEARN 1 -3 1 1 0 1 0 0 1
14 LEARN 0 0 0 1 0 2 0 0 0
13 LEARN 4 0 0 0 0 3 0 0 0
40 LEARN 0 -2 2 0 0 4 0 0 1
34 LEARN -2 0 -1 2 0 5 0 0 1
78 CAST 2 0 0 0 0 -1 -1 1 0
79 CAST -1 1 0 0 0 -1 -1 1 0
80 CAST 0 -1 1 0 0 -1 -1 1 0
81 CAST 0 0 -1 1 0 -1 -1 1 0
86 CAST 0 -3 3 0 0 -1 -1 1 1
87 CAST 1 1 3 -2 0 -1 -1 1 1
88 CAST 3 -1 0 0 0 -1 -1 1 1
89 CAST -3 3 0 0 0 -1 -1 1 1
90 CAST 0 0 -2 2 0 -1 -1 1 1
82 OPPONENT_CAST 2 0 0 0 0 -1 -1 1 0
83 OPPONENT_CAST -1 1 0 0 0 -1 -1 0 0
84 OPPONENT_CAST 0 -1 1 0 0 -1 -1 0 0
85 OPPONENT_CAST 0 0 -1 1 0 -1 -1 1 0
3 0 0 0 0
1 0 2 0 0
----- 13 / 177 -----
25
60 BREW 0 0 -5 0 18 3 4 0 0
42 BREW -2 -2 0 0 7 1 4 0 0
75 BREW -1 -3 -1 -1 16 0 0 0 0
43 BREW -3 -2 0 0 7 0 0 0 0
61 BREW 0 0 0 -4 16 0 0 0 0
23 LEARN 1 -3 1 1 0 0 0 0 1
14 LEARN 0 0 0 1 0 1 0 0 0
13 LEARN 4 0 0 0 0 2 0 0 0
40 LEARN 0 -2 2 0 0 3 0 0 1
34 LEARN -2 0 -1 2 0 4 0 0 1
2 LEARN 1 1 0 0 0 5 0 0 0
78 CAST 2 0 0 0 0 -1 -1 1 0
79 CAST -1 1 0 0 0 -1 -1 1 0
80 CAST 0 -1 1 0 0 -1 -1 1 0
81 CAST 0 0 -1 1 0 -1 -1 1 0
86 CAST 0 -3 3 0 0 -1 -1 1 1
87 CAST 1 1 3 -2 0 -1 -1 1 1
88 CAST 3 -1 0 0 0 -1 -1 1 1
89 CAST -3 3 0 0 0 -1 -1 1 1
90 CAST 0 0 -2 2 0 -1 -1 1 1
91 CAST -2 0 1 0 0 -1 -1 1 1
82 OPPONENT_CAST 2 0 0 0 0 -1 -1 1 0
83 OPPONENT_CAST -1 1 0 0 0 -1 -1 1 0
84 OPPONENT_CAST 0 -1 1 0 0 -1 -1 1 0
85 OPPONENT_CAST 0 0 -1 1 0 -1 -1 1 0
3 0 0 0 0
1 0 2 0 0
----- 15 / 177 -----
25
60 BREW 0 0 -5 0 18 3 4 0 0
42 BREW -2 -2 0 0 7 1 4 0 0
75 BREW -1 -3 -1 -1 16 0 0 0 0
43 BREW -3 -2 0 0 7 0 0 0 0
61 BREW 0 0 0 -4 16 0 0 0 0
23 LEARN 1 -3 1 1 0 0 0 0 1
14 LEARN 0 0 0 1 0 1 0 0 0
13 LEARN 4 0 0 0 0 2 0 0 0
40 LEARN 0 -2 2 0 0 3 0 0 1
34 LEARN -2 0 -1 2 0 4 0 0 1
2 LEARN 1 1 0 0 0 5 0 0 0
78 CAST 2 0 0 0 0 -1 -1 1 0
79 CAST -1 1 0 0 0 -1 -1 1 0
80 CAST 0 -1 1 0 0 -1 -1 1 0
81 CAST 0 0 -1 1 0 -1 -1 1 0
86 CAST 0 -3 3 0 0 -1 -1 1 1
87 CAST 1 1 3 -2 0 -1 -1 1 1
88 CAST 3 -1 0 0 0 -1 -1 1 1
89 CAST -3 3 0 0 0 -1 -1 1 1
90 CAST 0 0 -2 2 0 -1 -1 1 1
91 CAST -2 0 1 0 0 -1 -1 1 1
82 OPPONENT_CAST 2 0 0 0 0 -1 -1 1 0
83 OPPONENT_CAST -1 1 0 0 0 -1 -1 0 0
84 OPPONENT_CAST 0 -1 1 0 0 -1 -1 1 0
85 OPPONENT_CAST 0 0 -1 1 0 -1 -1 1 0
3 0 0 0 0
0 1 2 0 0
----- 17 / 177 -----
25
60 BREW 0 0 -5 0 18 3 4 0 0
42 BREW -2 -2 0 0 7 1 4 0 0
75 BREW -1 -3 -1 -1 16 0 0 0 0
43 BREW -3 -2 0 0 7 0 0 0 0
61 BREW 0 0 0 -4 16 0 0 0 0
23 LEARN 1 -3 1 1 0 0 0 0 1
14 LEARN 0 0 0 1 0 1 0 0 0
13 LEARN 4 0 0 0 0 2 0 0 0
40 LEARN 0 -2 2 0 0 3 0 0 1
34 LEARN -2 0 -1 2 0 4 0 0 1
2 LEARN 1 1 0 0 0 5 0 0 0
78 CAST 2 0 0 0 0 -1 -1 1 0
79 CAST -1 1 0 0 0 -1 -1 1 0
80 CAST 0 -1 1 0 0 -1 -1 1 0
81 CAST 0 0 -1 1 0 -1 -1 1 0
86 CAST 0 -3 3 0 0 -1 -1 1 1
87 CAST 1 1 3 -2 0 -1 -1 1 1
88 CAST 3 -1 0 0 0 -1 -1 1 1
89 CAST -3 3 0 0 0 -1 -1 1 1
90 CAST 0 0 -2 2 0 -1 -1 1 1
91 CAST -2 0 1 0 0 -1 -1 1 1
82 OPPONENT_CAST 2 0 0 0 0 -1 -1 1 0
83 OPPONENT_CAST -1 1 0 0 0 -1 -1 0 0
84 OPPONENT_CAST 0 -1 1 0 0 -1 -1 0 0
85 OPPONENT_CAST 0 0 -1 1 0 -1 -1 1 0
3 0 0 0 0
0 0 3 0 0
----- 19 / 177 -----
25
60 BREW 0 0 -5 0 18 3 4 0 0
42 BREW -2 -2 0 0 7 1 4 0 0
75 BREW -1 -3 -1 -1 16 0 0 0 0
43 BREW -3 -2 0 0 7 0 0 0 0
61 BREW 0 0 0 -4 16 0 0 0 0
23 LEARN 1 -3 1 1 0 0 0 0 1
14 LEARN 0 0 0 1 0 1 0 0 0
13 LEARN 4 0 0 0 0 2 0 0 0
40 LEARN 0 -2 2 0 0 3 0 0 1
34 LEARN -2 0 -1 2 0 4 0 0 1
2 LEARN 1 1 0 0 0 5 0 0 0
78 CAST 2 0 0 0 0 -1 -1 1 0
79 CAST -1 1 0 0 0 -1 -1 1 0
80 CAST 0 -1 1 0 0 -1 -1 1 0
81 CAST 0 0 -1 1 0 -1 -1 1 0
86 CAST 0 -3 3 0 0 -1 -1 1 1
87 CAST 1 1 3 -2 0 -1 -1 1 1
88 CAST 3 -1 0 0 0 -1 -1 1 1
89 CAST -3 3 0 0 0 -1 -1 1 1
90 CAST 0 0 -2 2 0 -1 -1 1 1
91 CAST -2 0 1 0 0 -1 -1 1 1
82 OPPONENT_CAST 2 0 0 0 0 -1 -1 0 0
83 OPPONENT_CAST -1 1 0 0 0 -1 -1 0 0
84 OPPONENT_CAST 0 -1 1 0 0 -1 -1 0 0
85 OPPONENT_CAST 0 0 -1 1 0 -1 -1 1 0
3 0 0 0 0
2 0 3 0 0
----- 21 / 177 -----
25
60 BREW 0 0 -5 0 18 3 4 0 0
42 BREW -2 -2 0 0 7 1 4 0 0
75 BREW -1 -3 -1 -1 16 0 0 0 0
43 BREW -3 -2 0 0 7 0 0 0 0
61 BREW 0 0 0 -4 16 0 0 0 0
23 LEARN 1 -3 1 1 0 0 0 0 1
14 LEARN 0 0 0 1 0 1 0 0 0
13 LEARN 4 0 0 0 0 2 0 0 0
40 LEARN 0 -2 2 0 0 3 0 0 1
34 LEARN -2 0 -1 2 0 4 0 0 1
2 LEARN 1 1 0 0 0 5 0 0 0
78 CAST 2 0 0 0 0 -1 -1 1 0
79 CAST -1 1 0 0 0 -1 -1 1 0
80 CAST 0 -1 1 0 0 -1 -1 1 0
81 CAST 0 0 -1 1 0 -1 -1 1 0
86 CAST 0 -3 3 0 0 -1 -1 1 1
87 CAST 1 1 3 -2 0 -1 -1 1 1
88 CAST 3 -1 0 0 0 -1 -1 1 1
89 CAST -3 3 0 0 0 -1 -1 1 1
90 CAST 0 0 -2 2 0 -1 -1 1 1
91 CAST -2 0 1 0 0 -1 -1 1 1
82 OPPONENT_CAST 2 0 0 0 0 -1 -1 1 0
83 OPPONENT_CAST -1 1 0 0 0 -1 -1 1 0
84 OPPONENT_CAST 0 -1 1 0 0 -1 -1 1 0
85 OPPONENT_CAST 0 0 -1 1 0 -1 -1 1 0
3 0 0 0 0
2 0 3 0 0
----- 23 / 177 -----
25
60 BREW 0 0 -5 0 18 3 4 0 0
42 BREW -2 -2 0 0 7 1 4 0 0
75 BREW -1 -3 -1 -1 16 0 0 0 0
43 BREW -3 -2 0 0 7 0 0 0 0
61 BREW 0 0 0 -4 16 0 0 0 0
23 LEARN 1 -3 1 1 0 0 0 0 1
14 LEARN 0 0 0 1 0 1 0 0 0
13 LEARN 4 0 0 0 0 2 0 0 0
40 LEARN 0 -2 2 0 0 3 0 0 1
34 LEARN -2 0 -1 2 0 4 0 0 1
2 LEARN 1 1 0 0 0 5 0 0 0
78 CAST 2 0 0 0 0 -1 -1 1 0
79 CAST -1 1 0 0 0 -1 -1 1 0
80 CAST 0 -1 1 0 0 -1 -1 1 0
81 CAST 0 0 -1 1 0 -1 -1 1 0
86 CAST 0 -3 3 0 0 -1 -1 1 1
87 CAST 1 1 3 -2 0 -1 -1 1 1
88 CAST 3 -1 0 0 0 -1 -1 1 1
89 CAST -3 3 0 0 0 -1 -1 1 1
90 CAST 0 0 -2 2 0 -1 -1 1 1
91 CAST -2 0 1 0 0 -1 -1 1 1
82 OPPONENT_CAST 2 0 0 0 0 -1 -1 1 0
83 OPPONENT_CAST -1 1 0 0 0 -1 -1 0 0
84 OPPONENT_CAST 0 -1 1 0 0 -1 -1 1 0
85 OPPONENT_CAST 0 0 -1 1 0 -1 -1 1 0
3 0 0 0 0
1 1 3 0 0
----- 25 / 177 -----
25
60 BREW 0 0 -5 0 18 3 4 0 0
42 BREW -2 -2 0 0 7 1 4 0 0
75 BREW -1 -3 -1 -1 16 0 0 0 0
43 BREW -3 -2 0 0 7 0 0 0 0
61 BREW 0 0 0 -4 16 0 0 0 0
23 LEARN 1 -3 1 1 0 0 0 0 1
14 LEARN 0 0 0 1 0 1 0 0 0
13 LEARN 4 0 0 0 0 2 0 0 0
40 LEARN 0 -2 2 0 0 3 0 0 1
34 LEARN -2 0 -1 2 0 4 0 0 1
2 LEARN 1 1 0 0 0 5 0 0 0
78 CAST 2 0 0 0 0 -1 -1 1 0
79 CAST -1 1 0 0 0 -1 -1 1 0
80 CAST 0 -1 1 0 0 -1 -1 1 0
81 CAST 0 0 -1 1 0 -1 -1 1 0
86 CAST 0 -3 3 0 0 -1 -1 1 1
87 CAST 1 1 3 -2 0 -1 -1 1 1
88 CAST 3 -1 0 0 0 -1 -1 1 1
89 CAST -3 3 0 0 0 -1 -1 1 1
90 CAST 0 0 -2 2 0 -1 -1 1 1
91 CAST -2 0 1 0 0 -1 -1 1 1
82 OPPONENT_CAST 2 0 0 0 0 -1 -1 1 0
83 OPPONENT_CAST -1 1 0 0 0 -1 -1 0 0
84 OPPONENT_CAST 0 -1 1 0 0 -1 -1 0 0
85 OPPONENT_CAST 0 0 -1 1 0 -1 -1 1 0
3 0 0 0 0
1 0 4 0 0
----- 27 / 177 -----
25
60 BREW 0 0 -5 0 18 3 4 0 0
42 BREW -2 -2 0 0 7 1 4 0 0
75 BREW -1 -3 -1 -1 16 0 0 0 0
43 BREW -3 -2 0 0 7 0 0 0 0
61 BREW 0 0 0 -4 16 0 0 0 0
23 LEARN 1 -3 1 1 0 0 0 0 1
14 LEARN 0 0 0 1 0 1 0 0 0
13 LEARN 4 0 0 0 0 2 0 0 0
40 LEARN 0 -2 2 0 0 3 0 0 1
34 LEARN -2 0 -1 2 0 4 0 0 1
2 LEARN 1 1 0 0 0 5 0 0 0
78 CAST 2 0 0 0 0 -1 -1 1 0
79 CAST -1 1 0 0 0 -1 -1 1 0
80 CAST 0 -1 1 0 0 -1 -1 1 0
81 CAST 0 0 -1 1 0 -1 -1 1 0
86 CAST 0 -3 3 0 0 -1 -1 1 1
87 CAST 1 1 3 -2 0 -1 -1 1 1
88 CAST 3 -1 0 0 0 -1 -1 1 1
89 CAST -3 3 0 0 0 -1 -1 1 1
90 CAST 0 0 -2 2 0 -1 -1 1 1
91 CAST -2 0 1 0 0 -1 -1 1 1
82 OPPONENT_CAST 2 0 0 0 0 -1 -1 1 0
83 OPPONENT_CAST -1 1 0 0 0 -1 -1 1 0
84 OPPONENT_CAST 0 -1 1 0 0 -1 -1 1 0
85 OPPONENT_CAST 0 0 -1 1 0 -1 -1 1 0
3 0 0 0 0
1 0 4 0 0
----- 29 / 177 -----
25
60 BREW 0 0 -5 0 18 3 4 0 0
42 BREW -2 -2 0 0 7 1 4 0 0
75 BREW -1 -3 -1 -1 16 0 0 0 0
43 BREW -3 -2 0 0 7 0 0 0 0
61 BREW 0 0 0 -4 16 0 0 0 0
23 LEARN 1 -3 1 1 0 0 0 0 1
14 LEARN 0 0 0 1 0 1 0 0 0
13 LEARN 4 0 0 0 0 2 0 0 0
40 LEARN 0 -2 2 0 0 3 0 0 1
34 LEARN -2 0 -1 2 0 4 0 0 1
2 LEARN 1 1 0 0 0 5 0 0 0
78 CAST 2 0 0 0 0 -1 -1 1 0
79 CAST -1 1 0 0 0 -1 -1 1 0
80 CAST 0 -1 1 0 0 -1 -1 1 0
81 CAST 0 0 -1 1 0 -1 -1 1 0
86 CAST 0 -3 3 0 0 -1 -1 1 1
87 CAST 1 1 3 -2 0 -1 -1 1 1
88 CAST 3 -1 0 0 0 -1 -1 1 1
89 CAST -3 3 0 0 0 -1 -1 1 1
90 CAST 0 0 -2 2 0 -1 -1 1 1
91 CAST -2 0 1 0 0 -1 -1 1 1
82 OPPONENT_CAST 2 0 0 0 0 -1 -1 1 0
83 OPPONENT_CAST -1 1 0 0 0 -1 -1 0 0
84 OPPONENT_CAST 0 -1 1 0 0 -1 -1 1 0
85 OPPONENT_CAST 0 0 -1 1 0 -1 -1 1 0
3 0 0 0 0
0 1 4 0 0
----- 31 / 177 -----
25
60 BREW 0 0 -5 0 18 3 4 0 0
42 BREW -2 -2 0 0 7 1 4 0 0
75 BREW -1 -3 -1 -1 16 0 0 0 0
43 BREW -3 -2 0 0 7 0 0 0 0
61 BREW 0 0 0 -4 16 0 0 0 0
23 LEARN 1 -3 1 1 0 0 0 0 1
14 LEARN 0 0 0 1 0 1 0 0 0
13 LEARN 4 0 0 0 0 2 0 0 0
40 LEARN 0 -2 2 0 0 3 0 0 1
34 LEARN -2 0 -1 2 0 4 0 0 1
2 LEARN 1 1 0 0 0 5 0 0 0
78 CAST 2 0 0 0 0 -1 -1 1 0
79 CAST -1 1 0 0 0 -1 -1 1 0
80 CAST 0 -1 1 0 0 -1 -1 1 0
81 CAST 0 0 -1 1 0 -1 -1 1 0
86 CAST 0 -3 3 0 0 -1 -1 1 1
87 CAST 1 1 3 -2 0 -1 -1 1 1
88 CAST 3 -1 0 0 0 -1 -1 1 1
89 CAST -3 3 0 0 0 -1 -1 1 1
90 CAST 0 0 -2 2 0 -1 -1 1 1
91 CAST -2 0 1 0 0 -1 -1 1 1
82 OPPONENT_CAST 2 0 0 0 0 -1 -1 1 0
83 OPPONENT_CAST -1 1 0 0 0 -1 -1 0 0
84 OPPONENT_CAST 0 -1 1 0 0 -1 -1 0 0
85 OPPONENT_CAST 0 0 -1 1 0 -1 -1 1 0
3 0 0 0 0
0 0 5 0 0
----- 33 / 177 -----
25
42 BREW -2 -2 0 0 9 3 3 0 0
75 BREW -1 -3 -1 -1 17 1 4 0 0
43 BREW -3 -2 0 0 7 0 0 0 0
61 BREW 0 0 0 -4 16 0 0 0 0
66 BREW -2 -1 0 -1 9 0 0 0 0
23 LEARN 1 -3 1 1 0 0 0 0 1
14 LEARN 0 0 0 1 0 1 0 0 0
13 LEARN 4 0 0 0 0 2 0 0 0
40 LEARN 0 -2 2 0 0 3 0 0 1
34 LEARN -2 0 -1 2 0 4 0 0 1
2 LEARN 1 1 0 0 0 5 0 0 0
78 CAST 2 0 0 0 0 -1 -1 1 0
79 CAST -1 1 0 0 0 -1 -1 1 0
80 CAST 0 -1 1 0 0 -1 -1 1 0
81 CAST 0 0 -1 1 0 -1 -1 1 0
86 CAST 0 -3 3 0 0 -1 -1 1 1
87 CAST 1 1 3 -2 0 -1 -1 1 1
88 CAST 3 -1 0 0 0 -1 -1 1 1
89 CAST -3 3 0 0 0 -1 -1 1 1
90 CAST 0 0 -2 2 0 -1 -1 1 1
91 CAST -2 0 1 0 0 -1 -1 1 1
82 OPPONENT_CAST 2 0 0 0 0 -1 -1 1 0
83 OPPONENT_CAST -1 1 0 0 0 -1 -1 0 0
84 OPPONENT_CAST 0 -1 1 0 0 -1 -1 0 0
85 OPPONENT_CAST 0 0 -1 1 0 -1 -1 1 0
3 0 0 0 0
0 0 0 0 18
----- 35 / 177 -----
25
42 BREW -2 -2 0 0 9 3 3 0 0
75 BREW -1 -3 -1 -1 17 1 4 0 0
43 BREW -3 -2 0 0 7 0 0 0 0
61 BREW 0 0 0 -4 16 0 0 0 0
66 BREW -2 -1 0 -1 9 0 0 0 0
23 LEARN 1 -3 1 1 0 0 0 0 1
14 LEARN 0 0 0 1 0 1 0 0 0
13 LEARN 4 0 0 0 0 2 0 0 0
40 LEARN 0 -2 2 0 0 3 0 0 1
34 LEARN -2 0 -1 2 0 4 0 0 1
2 LEARN 1 1 0 0 0 5 0 0 0
78 CAST 2 0 0 0 0 -1 -1 0 0
79 CAST -1 1 0 0 0 -1 -1 1 0
80 CAST 0 -1 1 0 0 -1 -1 1 0
81 CAST 0 0 -1 1 0 -1 -1 1 0
86 CAST 0 -3 3 0 0 -1 -1 1 1
87 CAST 1 1 3 -2 0 -1 -1 1 1
88 CAST 3 -1 0 0 0 -1 -1 1 1
89 CAST -3 3 0 0 0 -1 -1 1 1
90 CAST 0 0 -2 2 0 -1 -1 1 1
91 CAST -2 0 1 0 0 -1 -1 1 1
82 OPPONENT_CAST 2 0 0 0 0 -1 -1 0 0
83 OPPONENT_CAST -1 1 0 0 0 -1 -1 0 0
84 OPPONENT_CAST 0 -1 1 0 0 -1 -1 0 0
85 OPPONENT_CAST 0 0 -1 1 0 -1 -1 1 0
5 0 0 0 0
2 0 0 0 18
----- 37 / 177 -----
25
42 BREW -2 -2 0 0 9 3 3 0 0
75 BREW -1 -3 -1 -1 17 1 4 0 0
43 BREW -3 -2 0 0 7 0 0 0 0
61 BREW 0 0 0 -4 16 0 0 0 0
66 BREW -2 -1 0 -1 9 0 0 0 0
23 LEARN 1 -3 1 1 0 0 0 0 1
14 LEARN 0 0 0 1 0 1 0 0 0
13 LEARN 4 0 0 0 0 2 0 0 0
40 LEARN 0 -2 2 0 0 3 0 0 1
34 LEARN -2 0 -1 2 0 4 0 0 1
2 LEARN 1 1 0 0 0 5 0 0 0
78 CAST 2 0 0 0 0 -1 -1 0 0
79 CAST -1 1 0 0 0 -1 -1 1 0
80 CAST 0 -1 1 0 0 -1 -1 1 0
81 CAST 0 0 -1 1 0 -1 -1 1 0
86 CAST 0 -3 3 0 0 -1 -1 1 1
87 CAST 1 1 3 -2 0 -1 -1 1 1
88 CAST 3 -1 0 0 0 -1 -1 1 1
89 CAST -3 3 0 0 0 -1 -1 0 1
90 CAST 0 0 -2 2 0 -1 -1 1 1
91 CAST -2 0 1 0 0 -1 -1 1 1
82 OPPONENT_CAST 2 0 0 0 0 -1 -1 1 0
83 OPPONENT_CAST -1 1 0 0 0 -1 -1 1 0
84 OPPONENT_CAST 0 -1 1 0 0 -1 -1 1 0
85 OPPONENT_CAST 0 0 -1 1 0 -1 -1 1 0
2 3 0 0 0
2 0 0 0 18
----- 39 / 177 -----
25
75 BREW -1 -3 -1 -1 19 3 2 0 0
43 BREW -3 -2 0 0 8 1 4 0 0
61 BREW 0 0 0 -4 16 0 0 0 0
66 BREW -2 -1 0 -1 9 0 0 0 0
62 BREW 0 -2 0 -3 16 0 0 0 0
23 LEARN 1 -3 1 1 0 0 0 0 1
14 LEARN 0 0 0 1 0 1 0 0 0
13 LEARN 4 0 0 0 0 2 0 0 0
40 LEARN 0 -2 2 0 0 3 0 0 1
34 LEARN -2 0 -1 2 0 4 0 0 1
2 LEARN 1 1 0 0 0 5 0 0 0
78 CAST 2 0 0 0 0 -1 -1 0 0
79 CAST -1 1 0 0 0 -1 -1 1 0
80 CAST 0 -1 1 0 0 -1 -1 1 0
81 CAST 0 0 -1 1 0 -1 -1 1 0
86 CAST 0 -3 3 0 0 -1 -1 1 1
87 CAST 1 1 3 -2 0 -1 -1 1 1
88 CAST 3 -1 0 0 0 -1 -1 1 1
89 CAST -3 3 0 0 0 -1 -1 0 1
90 CAST 0 0 -2 2 0 -1 -1 1 1
91 CAST -2 0 1 0 0 -1 -1 1 1
82 OPPONENT_CAST 2 0 0 0 0 -1 -1 1 0
83 OPPONENT_CAST -1 1 0 0 0 -1 -1 0 0
84 OPPONENT_CAST 0 -1 1 0 0 -1 -1 1 0
85 OPPONENT_CAST 0 0 -1 1 0 -1 -1 1 0
0 1 0 0 9
1 1 0 0 18
----- 41 / 177 -----
25
75 BREW -1 -3 -1 -1 19 3 2 0 0
43 BREW -3 -2 0 0 8 1 4 0 0
61 BREW 0 0 0 -4 16 0 0 0 0
66 BREW -2 -1 0 -1 9 0 0 0 0
62 BREW 0 -2 0 -3 16 0 0 0 0
23 LEARN 1 -3 1 1 0 0 0 0 1
14 LEARN 0 0 0 1 0 1 0 0 0
13 LEARN 4 0 0 0 0 2 0 0 0
40 LEARN 0 -2 2 0 0 3 0 0 1
34 LEARN -2 0 -1 2 0 4 0 0 1
2 LEARN 1 1 0 0 0 5 0 0 0
78 CAST 2 0 0 0 0 -1 -1 0 0
79 CAST -1 1 0 0 0 -1 -1 1 0
80 CAST 0 -1 1 0 0 -1 -1 1 0
81 CAST 0 0 -1 1 0 -1 -1 1 0
86 CAST 0 -3 3 0 0 -1 -1 1 1
87 CAST 1 1 3 -2 0 -1 -1 1 1
88 CAST 3 -1 0 0 0 -1 -1 1 1
89 CAST -3 3 0 0 0 -1 -1 0 1
90 CAST 0 0 -2 2 0 -1 -1 1 1
91 CAST -2 0 1 0 0 -1 -1 1 1
82 OPPONENT_CAST 2 0 0 0 0 -1 -1 1 0
83 OPPONENT_CAST -1 1 0 0 0 -1 -1 1 0
84 OPPONENT_CAST 0 -1 1 0 0 -1 -1 1 0
85 OPPONENT_CAST 0 0 -1 1 0 -1 -1 1 0
0 1 0 0 9
1 1 0 0 18
----- 43 / 177 -----
25
75 BREW -1 -3 -1 -1 19 3 2 0 0
43 BREW -3 -2 0 0 8 1 4 0 0
61 BREW 0 0 0 -4 16 0 0 0 0
66 BREW -2 -1 0 -1 9 0 0 0 0
62 BREW 0 -2 0 -3 16 0 0 0 0
23 LEARN 1 -3 1 1 0 0 0 0 1
14 LEARN 0 0 0 1 0 1 0 0 0
13 LEARN 4 0 0 0 0 2 0 0 0
40 LEARN 0 -2 2 0 0 3 0 0 1
34 LEARN -2 0 -1 2 0 4 0 0 1
2 LEARN 1 1 0 0 0 5 0 0 0
78 CAST 2 0 0 0 0 -1 -1 0 0
79 CAST -1 1 0 0 0 -1 -1 1 0
80 CAST 0 -1 1 0 0 -1 -1 1 0
81 CAST 0 0 -1 1 0 -1 -1 1 0
86 CAST 0 -3 3 0 0 -1 -1 1 1
87 CAST 1 1 3 -2 0 -1 -1 1 1
88 CAST 3 -1 0 0 0 -1 -1 1 1
89 CAST -3 3 0 0 0 -1 -1 0 1
90 CAST 0 0 -2 2 0 -1 -1 1 1
91 CAST -2 0 1 0 0 -1 -1 1 1
82 OPPONENT_CAST 2 0 0 0 0 -1 -1 1 0
83 OPPONENT_CAST -1 1 0 0 0 -1 -1 0 0
84 OPPONENT_CAST 0 -1 1 0 0 -1 -1 1 0
85 OPPONENT_CAST 0 0 -1 1 0 -1 -1 1 0
0 1 0 0 9
0 2 0 0 18
----- 45 / 177 -----
25
75 BREW -1 -3 -1 -1 19 3 2 0 0
43 BREW -3 -2 0 0 8 1 4 0 0
61 BREW 0 0 0 -4 16 0 0 0 0
66 BREW -2 -1 0 -1 9 0 0 0 0
62 BREW 0 -2 0 -3 16 0 0 0 0
23 LEARN 1 -3 1 1 0 0 0 0 1
14 LEARN 0 0 0 1 0 1 0 0 0
13 LEARN 4 0 0 0 0 2 0 0 0
40 LEARN 0 -2 2 0 0 3 0 0 1
34 LEARN -2 0 -1 2 0 4 0 0 1
2 LEARN 1 1 0 0 0 5 0 0 0
78 CAST 2 0 0 0 0 -1 -1 0 0
79 CAST -1 1 0 0 0 -1 -1 1 0
80 CAST 0 -1 1 0 0 -1 -1 1 0
81 CAST 0 0 -1 1 0 -1 -1 1 0
86 CAST 0 -3 3 0 0 -1 -1 1 1
87 CAST 1 1 3 -2 0 -1 -1 1 1
88 CAST 3 -1 0 0 0 -1 -1 1 1
89 CAST -3 3 0 0 0 -1 -1 0 1
90 CAST 0 0 -2 2 0 -1 -1 1 1
91 CAST -2 0 1 0 0 -1 -1 1 1
82 OPPONENT_CAST 2 0 0 0 0 -1 -1 0 0
83 OPPONENT_CAST -1 1 0 0 0 -1 -1 0 0
84 OPPONENT_CAST 0 -1 1 0 0 -1 -1 1 0
85 OPPONENT_CAST 0 0 -1 1 0 -1 -1 1 0
0 1 0 0 9
2 2 0 0 18
----- 47 / 177 -----
25
75 BREW -1 -3 -1 -1 19 3 2 0 0
43 BREW -3 -2 0 0 8 1 4 0 0
61 BREW 0 0 0 -4 16 0 0 0 0
66 BREW -2 -1 0 -1 9 0 0 0 0
62 BREW 0 -2 0 -3 16 0 0 0 0
23 LEARN 1 -3 1 1 0 0 0 0 1
14 LEARN 0 0 0 1 0 1 0 0 0
13 LEARN 4 0 0 0 0 2 0 0 0
40 LEARN 0 -2 2 0 0 3 0 0 1
34 LEARN -2 0 -1 2 0 4 0 0 1
2 LEARN 1 1 0 0 0 5 0 0 0
78 CAST 2 0 0 0 0 -1 -1 0 0
79 CAST -1 1 0 0 0 -1 -1 1 0
80 CAST 0 -1 1 0 0 -1 -1 1 0
81 CAST 0 0 -1 1 0 -1 -1 1 0
86 CAST 0 -3 3 0 0 -1 -1 1 1
87 CAST 1 1 3 -2 0 -1 -1 1 1
88 CAST 3 -1 0 0 0 -1 -1 1 1
89 CAST -3 3 0 0 0 -1 -1 0 1
90 CAST 0 0 -2 2 0 -1 -1 1 1
91 CAST -2 0 1 0 0 -1 -1 1 1
82 OPPONENT_CAST 2 0 0 0 0 -1 -1 1 0
83 OPPONENT_CAST -1 1 0 0 0 -1 -1 1 0
84 OPPONENT_CAST 0 -1 1 0 0 -1 -1 1 0
85 OPPONENT_CAST 0 0 -1 1 0 -1 -1 1 0
0 1 0 0 9
2 2 0 0 18
----- 49 / 177 -----
25
75 BREW -1 -3 -1 -1 19 3 2 0 0
43 BREW -3 -2 0 0 8 1 4 0 0
61 BREW 0 0 0 -4 16 0 0 0 0
66 BREW -2 -1 0 -1 9 0 0 0 0
62 BREW 0 -2 0 -3 16 0 0 0 0
23 LEARN 1 -3 1 1 0 0 0 0 1
14 LEARN 0 0 0 1 0 1 0 0 0
13 LEARN 4 0 0 0 0 2 0 0 0
40 LEARN 0 -2 2 0 0 3 0 0 1
34 LEARN -2 0 -1 2 0 4 0 0 1
2 LEARN 1 1 0 0 0 5 0 0 0
78 CAST 2 0 0 0 0 -1 -1 0 0
79 CAST -1 1 0 0 0 -1 -1 1 0
80 CAST 0 -1 1 0 0 -1 -1 1 0
81 CAST 0 0 -1 1 0 -1 -1 1 0
86 CAST 0 -3 3 0 0 -1 -1 1 1
87 CAST 1 1 3 -2 0 -1 -1 1 1
88 CAST 3 -1 0 0 0 -1 -1 1 1
89 CAST -3 3 0 0 0 -1 -1 0 1
90 CAST 0 0 -2 2 0 -1 -1 1 1
91 CAST -2 0 1 0 0 -1 -1 1 1
82 OPPONENT_CAST 2 0 0 0 0 -1 -1 1 0
83 OPPONENT_CAST -1 1 0 0 0 -1 -1 0 0
84 OPPONENT_CAST 0 -1 1 0 0 -1 -1 1 0
85 OPPONENT_CAST 0 0 -1 1 0 -1 -1 1 0
0 1 0 0 9
1 3 0 0 18
----- 51 / 177 -----
25
75 BREW -1 -3 -1 -1 19 3 2 0 0
43 BREW -3 -2 0 0 8 1 4 0 0
61 BREW 0 0 0 -4 16 0 0 0 0
66 BREW -2 -1 0 -1 9 0 0 0 0
62 BREW 0 -2 0 -3 16 0 0 0 0
23 LEARN 1 -3 1 1 0 0 0 0 1
14 LEARN 0 0 0 1 0 1 0 0 0
13 LEARN 4 0 0 0 0 2 0 0 0
40 LEARN 0 -2 2 0 0 3 0 0 1
34 LEARN -2 0 -1 2 0 4 0 0 1
2 LEARN 1 1 0 0 0 5 0 0 0
78 CAST 2 0 0 0 0 -1 -1 0 0
79 CAST -1 1 0 0 0 -1 -1 1 0
80 CAST 0 -1 1 0 0 -1 -1 1 0
81 CAST 0 0 -1 1 0 -1 -1 1 0
86 CAST 0 -3 3 0 0 -1 -1 1 1
87 CAST 1 1 3 -2 0 -1 -1 1 1
88 CAST 3 -1 0 0 0 -1 -1 1 1
89 CAST -3 3 0 0 0 -1 -1 0 1
90 CAST 0 0 -2 2 0 -1 -1 1 1
91 CAST -2 0 1 0 0 -1 -1 1 1
82 OPPONENT_CAST 2 0 0 0 0 -1 -1 1 0
83 OPPONENT_CAST -1 1 0 0 0 -1 -1 0 0
84 OPPONENT_CAST 0 -1 1 0 0 -1 -1 0 0
85 OPPONENT_CAST 0 0 -1 1 0 -1 -1 1 0
0 1 0 0 9
1 2 1 0 18
----- 53 / 177 -----
25
75 BREW -1 -3 -1 -1 19 3 2 0 0
43 BREW -3 -2 0 0 8 1 4 0 0
61 BREW 0 0 0 -4 16 0 0 0 0
66 BREW -2 -1 0 -1 9 0 0 0 0
62 BREW 0 -2 0 -3 16 0 0 0 0
23 LEARN 1 -3 1 1 0 0 0 0 1
14 LEARN 0 0 0 1 0 1 0 0 0
13 LEARN 4 0 0 0 0 2 0 0 0
40 LEARN 0 -2 2 0 0 3 0 0 1
34 LEARN -2 0 -1 2 0 4 0 0 1
2 LEARN 1 1 0 0 0 5 0 0 0
78 CAST 2 0 0 0 0 -1 -1 0 0
79 CAST -1 1 0 0 0 -1 -1 1 0
80 CAST 0 -1 1 0 0 -1 -1 1 0
81 CAST 0 0 -1 1 0 -1 -1 1 0
86 CAST 0 -3 3 0 0 -1 -1 1 1
87 CAST 1 1 3 -2 0 -1 -1 1 1
88 CAST 3 -1 0 0 0 -1 -1 1 1
89 CAST -3 3 0 0 0 -1 -1 0 1
90 CAST 0 0 -2 2 0 -1 -1 1 1
91 CAST -2 0 1 0 0 -1 -1 1 1
82 OPPONENT_CAST 2 0 0 0 0 -1 -1 1 0
83 OPPONENT_CAST -1 1 0 0 0 -1 -1 1 0
84 OPPONENT_CAST 0 -1 1 0 0 -1 -1 1 0
85 OPPONENT_CAST 0 0 -1 1 0 -1 -1 1 0
0 1 0 0 9
1 2 1 0 18
----- 55 / 177 -----
25
75 BREW -1 -3 -1 -1 19 3 2 0 0
43 BREW -3 -2 0 0 8 1 4 0 0
61 BREW 0 0 0 -4 16 0 0 0 0
66 BREW -2 -1 0 -1 9 0 0 0 0
62 BREW 0 -2 0 -3 16 0 0 0 0
23 LEARN 1 -3 1 1 0 0 0 0 1
14 LEARN 0 0 0 1 0 1 0 0 0
13 LEARN 4 0 0 0 0 2 0 0 0
40 LEARN 0 -2 2 0 0 3 0 0 1
34 LEARN -2 0 -1 2 0 4 0 0 1
2 LEARN 1 1 0 0 0 5 0 0 0
78 CAST 2 0 0 0 0 -1 -1 0 0
79 CAST -1 1 0 0 0 -1 -1 1 0
80 CAST 0 -1 1 0 0 -1 -1 1 0
81 CAST 0 0 -1 1 0 -1 -1 1 0
86 CAST 0 -3 3 0 0 -1 -1 1 1
87 CAST 1 1 3 -2 0 -1 -1 1 1
88 CAST 3 -1 0 0 0 -1 -1 1 1
89 CAST -3 3 0 0 0 -1 -1 0 1
90 CAST 0 0 -2 2 0 -1 -1 1 1
91 CAST -2 0 1 0 0 -1 -1 1 1
82 OPPONENT_CAST 2 0 0 0 0 -1 -1 1 0
83 OPPONENT_CAST -1 1 0 0 0 -1 -1 0 0
84 OPPONENT_CAST 0 -1 1 0 0 -1 -1 1 0
85 OPPONENT_CAST 0 0 -1 1 0 -1 -1 1 0
0 1 0 0 9
0 3 1 0 18
----- 57 / 177 -----
25
75 BREW -1 -3 -1 -1 19 3 2 0 0
43 BREW -3 -2 0 0 8 1 4 0 0
61 BREW 0 0 0 -4 16 0 0 0 0
66 BREW -2 -1 0 -1 9 0 0 0 0
62 BREW 0 -2 0 -3 16 0 0 0 0
23 LEARN 1 -3 1 1 0 0 0 0 1
14 LEARN 0 0 0 1 0 1 0 0 0
13 LEARN 4 0 0 0 0 2 0 0 0
40 LEARN 0 -2 2 0 0 3 0 0 1
34 LEARN -2 0 -1 2 0 4 0 0 1
2 LEARN 1 1 0 0 0 5 0 0 0
78 CAST 2 0 0 0 0 -1 -1 0 0
79 CAST -1 1 0 0 0 -1 -1 1 0
80 CAST 0 -1 1 0 0 -1 -1 1 0
81 CAST 0 0 -1 1 0 -1 -1 1 0
86 CAST 0 -3 3 0 0 -1 -1 1 1
87 CAST 1 1 3 -2 0 -1 -1 1 1
88 CAST 3 -1 0 0 0 -1 -1 1 1
89 CAST -3 3 0 0 0 -1 -1 0 1
90 CAST 0 0 -2 2 0 -1 -1 1 1
91 CAST -2 0 1 0 0 -1 -1 1 1
82 OPPONENT_CAST 2 0 0 0 0 -1 -1 0 0
83 OPPONENT_CAST -1 1 0 0 0 -1 -1 0 0
84 OPPONENT_CAST 0 -1 1 0 0 -1 -1 1 0
85 OPPONENT_CAST 0 0 -1 1 0 -1 -1 1 0
0 1 0 0 9
2 3 1 0 18
----- 59 / 177 -----
25
75 BREW -1 -3 -1 -1 19 3 2 0 0
43 BREW -3 -2 0 0 8 1 4 0 0
61 BREW 0 0 0 -4 16 0 0 0 0
66 BREW -2 -1 0 -1 9 0 0 0 0
62 BREW 0 -2 0 -3 16 0 0 0 0
23 LEARN 1 -3 1 1 0 0 0 0 1
14 LEARN 0 0 0 1 0 1 0 0 0
13 LEARN 4 0 0 0 0 2 0 0 0
40 LEARN 0 -2 2 0 0 3 0 0 1
34 LEARN -2 0 -1 2 0 4 0 0 1
2 LEARN 1 1 0 0 0 5 0 0 0
78 CAST 2 0 0 0 0 -1 -1 0 0
79 CAST -1 1 0 0 0 -1 -1 1 0
80 CAST 0 -1 1 0 0 -1 -1 1 0
81 CAST 0 0 -1 1 0 -1 -1 1 0
86 CAST 0 -3 3 0 0 -1 -1 1 1
87 CAST 1 1 3 -2 0 -1 -1 1 1
88 CAST 3 -1 0 0 0 -1 -1 1 1
89 CAST -3 3 0 0 0 -1 -1 0 1
90 CAST 0 0 -2 2 0 -1 -1 1 1
91 CAST -2 0 1 0 0 -1 -1 1 1
82 OPPONENT_CAST 2 0 0 0 0 -1 -1 0 0
83 OPPONENT_CAST -1 1 0 0 0 -1 -1 0 0
84 OPPONENT_CAST 0 -1 1 0 0 -1 -1 1 0
85 OPPONENT_CAST 0 0 -1 1 0 -1 -1 0 0
0 1 0 0 9
2 3 0 1 18
----- 61 / 177 -----
25
75 BREW -1 -3 -1 -1 19 3 2 0 0
43 BREW -3 -2 0 0 8 1 4 0 0
61 BREW 0 0 0 -4 16 0 0 0 0
66 BREW -2 -1 0 -1 9 0 0 0 0
62 BREW 0 -2 0 -3 16 0 0 0 0
23 LEARN 1 -3 1 1 0 0 0 0 1
14 LEARN 0 0 0 1 0 1 0 0 0
13 LEARN 4 0 0 0 0 2 0 0 0
40 LEARN 0 -2 2 0 0 3 0 0 1
34 LEARN -2 0 -1 2 0 4 0 0 1
2 LEARN 1 1 0 0 0 5 0 0 0
78 CAST 2 0 0 0 0 -1 -1 0 0
79 CAST -1 1 0 0 0 -1 -1 1 0
80 CAST 0 -1 1 0 0 -1 -1 1 0
81 CAST 0 0 -1 1 0 -1 -1 1 0
86 CAST 0 -3 3 0 0 -1 -1 1 1
87 CAST 1 1 3 -2 0 -1 -1 1 1
88 CAST 3 -1 0 0 0 -1 -1 1 1
89 CAST -3 3 0 0 0 -1 -1 0 1
90 CAST 0 0 -2 2 0 -1 -1 1 1
91 CAST -2 0 1 0 0 -1 -1 1 1
82 OPPONENT_CAST 2 0 0 0 0 -1 -1 0 0
83 OPPONENT_CAST -1 1 0 0 0 -1 -1 0 0
84 OPPONENT_CAST 0 -1 1 0 0 -1 -1 0 0
85 OPPONENT_CAST 0 0 -1 1 0 -1 -1 0 0
0 1 0 0 9
2 2 1 1 18
----- 63 / 177 -----
25
75 BREW -1 -3 -1 -1 19 3 2 0 0
43 BREW -3 -2 0 0 8 1 4 0 0
61 BREW 0 0 0 -4 16 0 0 0 0
66 BREW -2 -1 0 -1 9 0 0 0 0
62 BREW 0 -2 0 -3 16 0 0 0 0
23 LEARN 1 -3 1 1 0 0 0 0 1
14 LEARN 0 0 0 1 0 1 0 0 0
13 LEARN 4 0 0 0 0 2 0 0 0
40 LEARN 0 -2 2 0 0 3 0 0 1
34 LEARN -2 0 -1 2 0 4 0 0 1
2 LEARN 1 1 0 0 0 5 0 0 0
78 CAST 2 0 0 0 0 -1 -1 0 0
79 CAST -1 1 0 0 0 -1 -1 1 0
80 CAST 0 -1 1 0 0 -1 -1 1 0
81 CAST 0 0 -1 1 0 -1 -1 1 0
86 CAST 0 -3 3 0 0 -1 -1 1 1
87 CAST 1 1 3 -2 0 -1 -1 1 1
88 CAST 3 -1 0 0 0 -1 -1 1 1
89 CAST -3 3 0 0 0 -1 -1 0 1
90 CAST 0 0 -2 2 0 -1 -1 1 1
91 CAST -2 0 1 0 0 -1 -1 1 1
82 OPPONENT_CAST 2 0 0 0 0 -1 -1 1 0
83 OPPONENT_CAST -1 1 0 0 0 -1 -1 1 0
84 OPPONENT_CAST 0 -1 1 0 0 -1 -1 1 0
85 OPPONENT_CAST 0 0 -1 1 0 -1 -1 1 0
0 1 0 0 9
2 2 1 1 18
----- 65 / 177 -----
25
75 BREW -1 -3 -1 -1 19 3 2 0 0
43 BREW -3 -2 0 0 8 1 4 0 0
61 BREW 0 0 0 -4 16 0 0 0 0
66 BREW -2 -1 0 -1 9 0 0 0 0
62 BREW 0 -2 0 -3 16 0 0 0 0
23 LEARN 1 -3 1 1 0 0 0 0 1
14 LEARN 0 0 0 1 0 1 0 0 0
13 LEARN 4 0 0 0 0 2 0 0 0
40 LEARN 0 -2 2 0 0 3 0 0 1
34 LEARN -2 0 -1 2 0 4 0 0 1
2 LEARN 1 1 0 0 0 5 0 0 0
78 CAST 2 0 0 0 0 -1 -1 0 0
79 CAST -1 1 0 0 0 -1 -1 1 0
80 CAST 0 -1 1 0 0 -1 -1 1 0
81 CAST 0 0 -1 1 0 -1 -1 1 0
86 CAST 0 -3 3 0 0 -1 -1 1 1
87 CAST 1 1 3 -2 0 -1 -1 1 1
88 CAST 3 -1 0 0 0 -1 -1 1 1
89 CAST -3 3 0 0 0 -1 -1 0 1
90 CAST 0 0 -2 2 0 -1 -1 1 1
91 CAST -2 0 1 0 0 -1 -1 1 1
82 OPPONENT_CAST 2 0 0 0 0 -1 -1 1 0
83 OPPONENT_CAST -1 1 0 0 0 -1 -1 0 0
84 OPPONENT_CAST 0 -1 1 0 0 -1 -1 1 0
85 OPPONENT_CAST 0 0 -1 1 0 -1 -1 1 0
0 1 0 0 9
1 3 1 1 18
----- 67 / 177 -----
25
43 BREW -3 -2 0 0 10 3 1 0 0
61 BREW 0 0 0 -4 17 1 4 0 0
66 BREW -2 -1 0 -1 9 0 0 0 0
62 BREW 0 -2 0 -3 16 0 0 0 0
58 BREW 0 -3 0 -2 14 0 0 0 0
23 LEARN 1 -3 1 1 0 0 0 0 1
14 LEARN 0 0 0 1 0 1 0 0 0
13 LEARN 4 0 0 0 0 2 0 0 0
40 LEARN 0 -2 2 0 0 3 0 0 1
34 LEARN -2 0 -1 2 0 4 0 0 1
2 LEARN 1 1 0 0 0 5 0 0 0
78 CAST 2 0 0 0 0 -1 -1 0 0
79 CAST -1 1 0 0 0 -1 -1 1 0
80 CAST 0 -1 1 0 0 -1 -1 1 0
81 CAST 0 0 -1 1 0 -1 -1 1 0
86 CAST 0 -3 3 0 0 -1 -1 1 1
87 CAST 1 1 3 -2 0 -1 -1 1 1
88 CAST 3 -1 0 0 0 -1 -1 1 1
89 CAST -3 3 0 0 0 -1 -1 0 1
90 CAST 0 0 -2 2 0 -1 -1 1 1
91 CAST -2 0 1 0 0 -1 -1 1 1
82 OPPONENT_CAST 2 0 0 0 0 -1 -1 1 0
83 OPPONENT_CAST -1 1 0 0 0 -1 -1 0 0
84 OPPONENT_CAST 0 -1 1 0 0 -1 -1 1 0
85 OPPONENT_CAST 0 0 -1 1 0 -1 -1 1 0
0 1 0 0 9
0 0 0 0 37
----- 69 / 177 -----
25
43 BREW -3 -2 0 0 10 3 1 0 0
61 BREW 0 0 0 -4 17 1 4 0 0
66 BREW -2 -1 0 -1 9 0 0 0 0
62 BREW 0 -2 0 -3 16 0 0 0 0
58 BREW 0 -3 0 -2 14 0 0 0 0
23 LEARN 1 -3 1 1 0 0 0 0 1
14 LEARN 0 0 0 1 0 1 0 0 0
13 LEARN 4 0 0 0 0 2 0 0 0
40 LEARN 0 -2 2 0 0 3 0 0 1
34 LEARN -2 0 -1 2 0 4 0 0 1
2 LEARN 1 1 0 0 0 5 0 0 0
78 CAST 2 0 0 0 0 -1 -1 0 0
79 CAST -1 1 0 0 0 -1 -1 1 0
80 CAST 0 -1 1 0 0 -1 -1 1 0
81 CAST 0 0 -1 1 0 -1 -1 1 0
86 CAST 0 -3 3 0 0 -1 -1 1 1
87 CAST 1 1 3 -2 0 -1 -1 1 1
88 CAST 3 -1 0 0 0 -1 -1 0 1
89 CAST -3 3 0 0 0 -1 -1 0 1
90 CAST 0 0 -2 2 0 -1 -1 1 1
91 CAST -2 0 1 0 0 -1 -1 1 1
82 OPPONENT_CAST 2 0 0 0 0 -1 -1 0 0
83 OPPONENT_CAST -1 1 0 0 0 -1 -1 0 0
84 OPPONENT_CAST 0 -1 1 0 0 -1 -1 1 0
85 OPPONENT_CAST 0 0 -1 1 0 -1 -1 1 0
3 0 0 0 9
2 0 0 0 37
----- 71 / 177 -----
25
43 BREW -3 -2 0 0 10 3 1 0 0
61 BREW 0 0 0 -4 17 1 4 0 0
66 BREW -2 -1 0 -1 9 0 0 0 0
62 BREW 0 -2 0 -3 16 0 0 0 0
58 BREW 0 -3 0 -2 14 0 0 0 0
23 LEARN 1 -3 1 1 0 0 0 0 1
14 LEARN 0 0 0 1 0 1 0 0 0
13 LEARN 4 0 0 0 0 2 0 0 0
40 LEARN 0 -2 2 0 0 3 0 0 1
34 LEARN -2 0 -1 2 0 4 0 0 1
2 LEARN 1 1 0 0 0 5 0 0 0
78 CAST 2 0 0 0 0 -1 -1 0 0
79 CAST -1 1 0 0 0 -1 -1 1 0
80 CAST 0 -1 1 0 0 -1 -1 1 0
81 CAST 0 0 -1 1 0 -1 -1 1 0
86 CAST 0 -3 3 0 0 -1 -1 1 1
87 CAST 1 1 3 -2 0 -1 -1 1 1
88 CAST 3 -1 0 0 0 -1 -1 0 1
89 CAST -3 3 0 0 0 -1 -1 0 1
90 CAST 0 0 -2 2 0 -1 -1 1 1
91 CAST -2 0 1 0 0 -1 -1 1 1
82 OPPONENT_CAST 2 0 0 0 0 -1 -1 1 0
83 OPPONENT_CAST -1 1 0 0 0 -1 -1 1 0
84 OPPONENT_CAST 0 -1 1 0 0 -1 -1 1 0
85 OPPONENT_CAST 0 0 -1 1 0 -1 -1 1 0
3 0 0 0 9
2 0 0 0 37
----- 73 / 177 -----
25
43 BREW -3 -2 0 0 10 3 1 0 0
61 BREW 0 0 0 -4 17 1 4 0 0
66 BREW -2 -1 0 -1 9 0 0 0 0
62 BREW 0 -2 0 -3 16 0 0 0 0
58 BREW 0 -3 0 -2 14 0 0 0 0
23 LEARN 1 -3 1 1 0 0 0 0 1
14 LEARN 0 0 0 1 0 1 0 0 0
13 LEARN 4 0 0 0 0 2 0 0 0
40 LEARN 0 -2 2 0 0 3 0 0 1
34 LEARN -2 0 -1 2 0 4 0 0 1
2 LEARN 1 1 0 0 0 5 0 0 0
78 CAST 2 0 0 0 0 -1 -1 0 0
79 CAST -1 1 0 0 0 -1 -1 1 0
80 CAST 0 -1 1 0 0 -1 -1 1 0
81 CAST 0 0 -1 1 0 -1 -1 1 0
86 CAST 0 -3 3 0 0 -1 -1 1 1
87 CAST 1 1 3 -2 0 -1 -1 1 1
88 CAST 3 -1 0 0 0 -1 -1 0 1
89 CAST -3 3 0 0 0 -1 -1 0 1
90 CAST 0 0 -2 2 0 -1 -1 1 1
91 CAST -2 0 1 0 0 -1 -1 1 1
82 OPPONENT_CAST 2 0 0 0 0 -1 -1 0 0
83 OPPONENT_CAST -1 1 0 0 0 -1 -1 1 0
84 OPPONENT_CAST 0 -1 1 0 0 -1 -1 1 0
85 OPPONENT_CAST 0 0 -1 1 0 -1 -1 1 0
3 0 0 0 9
4 0 0 0 37
----- 75 / 177 -----
25
43 BREW -3 -2 0 0 10 3 1 0 0
61 BREW 0 0 0 -4 17 1 4 0 0
66 BREW -2 -1 0 -1 9 0 0 0 0
62 BREW 0 -2 0 -3 16 0 0 0 0
58 BREW 0 -3 0 -2 14 0 0 0 0
23 LEARN 1 -3 1 1 0 0 0 0 1
14 LEARN 0 0 0 1 0 1 0 0 0
13 LEARN 4 0 0 0 0 2 0 0 0
40 LEARN 0 -2 2 0 0 3 0 0 1
34 LEARN -2 0 -1 2 0 4 0 0 1
2 LEARN 1 1 0 0 0 5 0 0 0
78 CAST 2 0 0 0 0 -1 -1 0 0
79 CAST -1 1 0 0 0 -1 -1 1 0
80 CAST 0 -1 1 0 0 -1 -1 1 0
81 CAST 0 0 -1 1 0 -1 -1 1 0
86 CAST 0 -3 3 0 0 -1 -1 1 1
87 CAST 1 1 3 -2 0 -1 -1 1 1
88 CAST 3 -1 0 0 0 -1 -1 0 1
89 CAST -3 3 0 0 0 -1 -1 0 1
90 CAST 0 0 -2 2 0 -1 -1 1 1
91 CAST -2 0 1 0 0 -1 -1 1 1
82 OPPONENT_CAST 2 0 0 0 0 -1 -1 0 0
83 OPPONENT_CAST -1 1 0 0 0 -1 -1 0 0
84 OPPONENT_CAST 0 -1 1 0 0 -1 -1 1 0
85 OPPONENT_CAST 0 0 -1 1 0 -1 -1 1 0
3 0 0 0 9
3 1 0 0 37
----- 77 / 177 -----
25
43 BREW -3 -2 0 0 10 3 1 0 0
61 BREW 0 0 0 -4 17 1 4 0 0
66 BREW -2 -1 0 -1 9 0 0 0 0
62 BREW 0 -2 0 -3 16 0 0 0 0
58 BREW 0 -3 0 -2 14 0 0 0 0
23 LEARN 1 -3 1 1 0 0 0 0 1
14 LEARN 0 0 0 1 0 1 0 0 0
13 LEARN 4 0 0 0 0 2 0 0 0
40 LEARN 0 -2 2 0 0 3 0 0 1
34 LEARN -2 0 -1 2 0 4 0 0 1
2 LEARN 1 1 0 0 0 5 0 0 0
78 CAST 2 0 0 0 0 -1 -1 0 0
79 CAST -1 1 0 0 0 -1 -1 1 0
80 CAST 0 -1 1 0 0 -1 -1 1 0
81 CAST 0 0 -1 1 0 -1 -1 1 0
86 CAST 0 -3 3 0 0 -1 -1 1 1
87 CAST 1 1 3 -2 0 -1 -1 1 1
88 CAST 3 -1 0 0 0 -1 -1 0 1
89 CAST -3 3 0 0 0 -1 -1 0 1
90 CAST 0 0 -2 2 0 -1 -1 1 1
91 CAST -2 0 1 0 0 -1 -1 1 1
82 OPPONENT_CAST 2 0 0 0 0 -1 -1 1 0
83 OPPONENT_CAST -1 1 0 0 0 -1 -1 1 0
84 OPPONENT_CAST 0 -1 1 0 0 -1 -1 1 0
85 OPPONENT_CAST 0 0 -1 1 0 -1 -1 1 0
3 0 0 0 9
3 1 0 0 37
----- 79 / 177 -----
25
43 BREW -3 -2 0 0 10 3 1 0 0
61 BREW 0 0 0 -4 17 1 4 0 0
66 BREW -2 -1 0 -1 9 0 0 0 0
62 BREW 0 -2 0 -3 16 0 0 0 0
58 BREW 0 -3 0 -2 14 0 0 0 0
23 LEARN 1 -3 1 1 0 0 0 0 1
14 LEARN 0 0 0 1 0 1 0 0 0
13 LEARN 4 0 0 0 0 2 0 0 0
40 LEARN 0 -2 2 0 0 3 0 0 1
34 LEARN -2 0 -1 2 0 4 0 0 1
2 LEARN 1 1 0 0 0 5 0 0 0
78 CAST 2 0 0 0 0 -1 -1 0 0
79 CAST -1 1 0 0 0 -1 -1 1 0
80 CAST 0 -1 1 0 0 -1 -1 1 0
81 CAST 0 0 -1 1 0 -1 -1 1 0
86 CAST 0 -3 3 0 0 -1 -1 1 1
87 CAST 1 1 3 -2 0 -1 -1 1 1
88 CAST 3 -1 0 0 0 -1 -1 0 1
89 CAST -3 3 0 0 0 -1 -1 0 1
90 CAST 0 0 -2 2 0 -1 -1 1 1
91 CAST -2 0 1 0 0 -1 -1 1 1
82 OPPONENT_CAST 2 0 0 0 0 -1 -1 1 0
83 OPPONENT_CAST -1 1 0 0 0 -1 -1 0 0
84 OPPONENT_CAST 0 -1 1 0 0 -1 -1 1 0
85 OPPONENT_CAST 0 0 -1 1 0 -1 -1 1 0
3 0 0 0 9
2 2 0 0 37
----- 81 / 177 -----
25
43 BREW -3 -2 0 0 10 3 1 0 0
61 BREW 0 0 0 -4 17 1 4 0 0
66 BREW -2 -1 0 -1 9 0 0 0 0
62 BREW 0 -2 0 -3 16 0 0 0 0
58 BREW 0 -3 0 -2 14 0 0 0 0
23 LEARN 1 -3 1 1 0 0 0 0 1
14 LEARN 0 0 0 1 0 1 0 0 0
13 LEARN 4 0 0 0 0 2 0 0 0
40 LEARN 0 -2 2 0 0 3 0 0 1
34 LEARN -2 0 -1 2 0 4 0 0 1
2 LEARN 1 1 0 0 0 5 0 0 0
78 CAST 2 0 0 0 0 -1 -1 0 0
79 CAST -1 1 0 0 0 -1 -1 1 0
80 CAST 0 -1 1 0 0 -1 -1 1 0
81 CAST 0 0 -1 1 0 -1 -1 1 0
86 CAST 0 -3 3 0 0 -1 -1 1 1
87 CAST 1 1 3 -2 0 -1 -1 1 1
88 CAST 3 -1 0 0 0 -1 -1 0 1
89 CAST -3 3 0 0 0 -1 -1 0 1
90 CAST 0 0 -2 2 0 -1 -1 1 1
91 CAST -2 0 1 0 0 -1 -1 1 1
82 OPPONENT_CAST 2 0 0 0 0 -1 -1 0 0
83 OPPONENT_CAST -1 1 0 0 0 -1 -1 0 0
84 OPPONENT_CAST 0 -1 1 0 0 -1 -1 1 0
85 OPPONENT_CAST 0 0 -1 1 0 -1 -1 1 0
3 0 0 0 9
4 2 0 0 37
----- 83 / 177 -----
25
61 BREW 0 0 0 -4 17 1 4 0 0
66 BREW -2 -1 0 -1 9 0 0 0 0
62 BREW 0 -2 0 -3 16 0 0 0 0
58 BREW 0 -3 0 -2 14 0 0 0 0
68 BREW -1 0 -2 -1 12 0 0 0 0
23 LEARN 1 -3 1 1 0 0 0 0 1
14 LEARN 0 0 0 1 0 1 0 0 0
13 LEARN 4 0 0 0 0 2 0 0 0
40 LEARN 0 -2 2 0 0 3 0 0 1
34 LEARN -2 0 -1 2 0 4 0 0 1
2 LEARN 1 1 0 0 0 5 0 0 0
78 CAST 2 0 0 0 0 -1 -1 0 0
79 CAST -1 1 0 0 0 -1 -1 1 0
80 CAST 0 -1 1 0 0 -1 -1 1 0
81 CAST 0 0 -1 1 0 -1 -1 1 0
86 CAST 0 -3 3 0 0 -1 -1 1 1
87 CAST 1 1 3 -2 0 -1 -1 1 1
88 CAST 3 -1 0 0 0 -1 -1 0 1
89 CAST -3 3 0 0 0 -1 -1 0 1
90 CAST 0 0 -2 2 0 -1 -1 1 1
91 CAST -2 0 1 0 0 -1 -1 1 1
82 OPPONENT_CAST 2 0 0 0 0 -1 -1 0 0
83 OPPONENT_CAST -1 1 0 0 0 -1 -1 0 0
84 OPPONENT_CAST 0 -1 1 0 0 -1 -1 1 0
85 OPPONENT_CAST 0 0 -1 1 0 -1 -1 1 0
3 0 0 0 9
1 0 0 0 47
----- 85 / 177 -----
25
61 BREW 0 0 0 -4 17 1 4 0 0
66 BREW -2 -1 0 -1 9 0 0 0 0
62 BREW 0 -2 0 -3 16 0 0 0 0
58 BREW 0 -3 0 -2 14 0 0 0 0
68 BREW -1 0 -2 -1 12 0 0 0 0
23 LEARN 1 -3 1 1 0 0 0 0 1
14 LEARN 0 0 0 1 0 1 0 0 0
13 LEARN 4 0 0 0 0 2 0 0 0
40 LEARN 0 -2 2 0 0 3 0 0 1
34 LEARN -2 0 -1 2 0 4 0 0 1
2 LEARN 1 1 0 0 0 5 0 0 0
78 CAST 2 0 0 0 0 -1 -1 0 0
79 CAST -1 1 0 0 0 -1 -1 1 0
80 CAST 0 -1 1 0 0 -1 -1 1 0
81 CAST 0 0 -1 1 0 -1 -1 1 0
86 CAST 0 -3 3 0 0 -1 -1 1 1
87 CAST 1 1 3 -2 0 -1 -1 1 1
88 CAST 3 -1 0 0 0 -1 -1 0 1
89 CAST -3 3 0 0 0 -1 -1 0 1
90 CAST 0 0 -2 2 0 -1 -1 1 1
91 CAST -2 0 1 0 0 -1 -1 0 1
82 OPPONENT_CAST 2 0 0 0 0 -1 -1 1 0
83 OPPONENT_CAST -1 1 0 0 0 -1 -1 1 0
84 OPPONENT_CAST 0 -1 1 0 0 -1 -1 1 0
85 OPPONENT_CAST 0 0 -1 1 0 -1 -1 1 0
1 0 1 0 9
1 0 0 0 47
----- 87 / 177 -----
25
61 BREW 0 0 0 -4 17 1 4 0 0
66 BREW -2 -1 0 -1 9 0 0 0 0
62 BREW 0 -2 0 -3 16 0 0 0 0
58 BREW 0 -3 0 -2 14 0 0 0 0
68 BREW -1 0 -2 -1 12 0 0 0 0
23 LEARN 1 -3 1 1 0 0 0 0 1
14 LEARN 0 0 0 1 0 1 0 0 0
13 LEARN 4 0 0 0 0 2 0 0 0
40 LEARN 0 -2 2 0 0 3 0 0 1
34 LEARN -2 0 -1 2 0 4 0 0 1
2 LEARN 1 1 0 0 0 5 0 0 0
78 CAST 2 0 0 0 0 -1 -1 0 0
79 CAST -1 1 0 0 0 -1 -1 1 0
80 CAST 0 -1 1 0 0 -1 -1 1 0
81 CAST 0 0 -1 1 0 -1 -1 1 0
86 CAST 0 -3 3 0 0 -1 -1 1 1
87 CAST 1 1 3 -2 0 -1 -1 1 1
88 CAST 3 -1 0 0 0 -1 -1 0 1
89 CAST -3 3 0 0 0 -1 -1 0 1
90 CAST 0 0 -2 2 0 -1 -1 1 1
91 CAST -2 0 1 0 0 -1 -1 0 1
82 OPPONENT_CAST 2 0 0 0 0 -1 -1 1 0
83 OPPONENT_CAST -1 1 0 0 0 -1 -1 0 0
84 OPPONENT_CAST 0 -1 1 0 0 -1 -1 1 0
85 OPPONENT_CAST 0 0 -1 1 0 -1 -1 1 0
1 0 1 0 9
0 1 0 0 47
----- 89 / 177 -----
25
61 BREW 0 0 0 -4 17 1 4 0 0
66 BREW -2 -1 0 -1 9 0 0 0 0
62 BREW 0 -2 0 -3 16 0 0 0 0
58 BREW 0 -3 0 -2 14 0 0 0 0
68 BREW -1 0 -2 -1 12 0 0 0 0
23 LEARN 1 -3 1 1 0 0 0 0 1
14 LEARN 0 0 0 1 0 1 0 0 0
13 LEARN 4 0 0 0 0 2 0 0 0
40 LEARN 0 -2 2 0 0 3 0 0 1
34 LEARN -2 0 -1 2 0 4 0 0 1
2 LEARN 1 1 0 0 0 5 0 0 0
78 CAST 2 0 0 0 0 -1 -1 0 0
79 CAST -1 1 0 0 0 -1 -1 1 0
80 CAST 0 -1 1 0 0 -1 -1 1 0
81 CAST 0 0 -1 1 0 -1 -1 1 0
86 CAST 0 -3 3 0 0 -1 -1 1 1
87 CAST 1 1 3 -2 0 -1 -1 1 1
88 CAST 3 -1 0 0 0 -1 -1 0 1
89 CAST -3 3 0 0 0 -1 -1 0 1
90 CAST 0 0 -2 2 0 -1 -1 1 1
91 CAST -2 0 1 0 0 -1 -1 0 1
82 OPPONENT_CAST 2 0 0 0 0 -1 -1 1 0
83 OPPONENT_CAST -1 1 0 0 0 -1 -1 0 0
84 OPPONENT_CAST 0 -1 1 0 0 -1 -1 0 0
85 OPPONENT_CAST 0 0 -1 1 0 -1 -1 1 0
1 0 1 0 9
0 0 1 0 47
----- 91 / 177 -----
25
61 BREW 0 0 0 -4 17 1 4 0 0
66 BREW -2 -1 0 -1 9 0 0 0 0
62 BREW 0 -2 0 -3 16 0 0 0 0
58 BREW 0 -3 0 -2 14 0 0 0 0
68 BREW -1 0 -2 -1 12 0 0 0 0
23 LEARN 1 -3 1 1 0 0 0 0 1
14 LEARN 0 0 0 1 0 1 0 0 0
13 LEARN 4 0 0 0 0 2 0 0 0
40 LEARN 0 -2 2 0 0 3 0 0 1
34 LEARN -2 0 -1 2 0 4 0 0 1
2 LEARN 1 1 0 0 0 5 0 0 0
78 CAST 2 0 0 0 0 -1 -1 0 0
79 CAST -1 1 0 0 0 -1 -1 1 0
80 CAST 0 -1 1 0 0 -1 -1 1 0
81 CAST 0 0 -1 1 0 -1 -1 1 0
86 CAST 0 -3 3 0 0 -1 -1 1 1
87 CAST 1 1 3 -2 0 -1 -1 1 1
88 CAST 3 -1 0 0 0 -1 -1 0 1
89 CAST -3 3 0 0 0 -1 -1 0 1
90 CAST 0 0 -2 2 0 -1 -1 1 1
91 CAST -2 0 1 0 0 -1 -1 0 1
82 OPPONENT_CAST 2 0 0 0 0 -1 -1 1 0
83 OPPONENT_CAST -1 1 0 0 0 -1 -1 0 0
84 OPPONENT_CAST 0 -1 1 0 0 -1 -1 0 0
85 OPPONENT_CAST 0 0 -1 1 0 -1 -1 0 0
1 0 1 0 9
0 0 0 1 47
----- 93 / 177 -----
25
61 BREW 0 0 0 -4 17 1 4 0 0
66 BREW -2 -1 0 -1 9 0 0 0 0
62 BREW 0 -2 0 -3 16 0 0 0 0
58 BREW 0 -3 0 -2 14 0 0 0 0
68 BREW -1 0 -2 -1 12 0 0 0 0
23 LEARN 1 -3 1 1 0 0 0 0 1
14 LEARN 0 0 0 1 0 1 0 0 0
13 LEARN 4 0 0 0 0 2 0 0 0
40 LEARN 0 -2 2 0 0 3 0 0 1
34 LEARN -2 0 -1 2 0 4 0 0 1
2 LEARN 1 1 0 0 0 5 0 0 0
78 CAST 2 0 0 0 0 -1 -1 0 0
79 CAST -1 1 0 0 0 -1 -1 1 0
80 CAST 0 -1 1 0 0 -1 -1 1 0
81 CAST 0 0 -1 1 0 -1 -1 1 0
86 CAST 0 -3 3 0 0 -1 -1 1 1
87 CAST 1 1 3 -2 0 -1 -1 1 1
88 CAST 3 -1 0 0 0 -1 -1 0 1
89 CAST -3 3 0 0 0 -1 -1 0 1
90 CAST 0 0 -2 2 0 -1 -1 1 1
91 CAST -2 0 1 0 0 -1 -1 0 1
82 OPPONENT_CAST 2 0 0 0 0 -1 -1 0 0
83 OPPONENT_CAST -1 1 0 0 0 -1 -1 0 0
84 OPPONENT_CAST 0 -1 1 0 0 -1 -1 0 0
85 OPPONENT_CAST 0 0 -1 1 0 -1 -1 0 0
1 0 1 0 9
2 0 0 1 47
----- 95 / 177 -----
25
61 BREW 0 0 0 -4 17 1 4 0 0
66 BREW -2 -1 0 -1 9 0 0 0 0
62 BREW 0 -2 0 -3 16 0 0 0 0
58 BREW 0 -3 0 -2 14 0 0 0 0
68 BREW -1 0 -2 -1 12 0 0 0 0
23 LEARN 1 -3 1 1 0 0 0 0 1
14 LEARN 0 0 0 1 0 1 0 0 0
13 LEARN 4 0 0 0 0 2 0 0 0
40 LEARN 0 -2 2 0 0 3 0 0 1
34 LEARN -2 0 -1 2 0 4 0 0 1
2 LEARN 1 1 0 0 0 5 0 0 0
78 CAST 2 0 0 0 0 -1 -1 0 0
79 CAST -1 1 0 0 0 -1 -1 1 0
80 CAST 0 -1 1 0 0 -1 -1 1 0
81 CAST 0 0 -1 1 0 -1 -1 1 0
86 CAST 0 -3 3 0 0 -1 -1 1 1
87 CAST 1 1 3 -2 0 -1 -1 1 1
88 CAST 3 -1 0 0 0 -1 -1 0 1
89 CAST -3 3 0 0 0 -1 -1 0 1
90 CAST 0 0 -2 2 0 -1 -1 1 1
91 CAST -2 0 1 0 0 -1 -1 0 1
82 OPPONENT_CAST 2 0 0 0 0 -1 -1 1 0
83 OPPONENT_CAST -1 1 0 0 0 -1 -1 1 0
84 OPPONENT_CAST 0 -1 1 0 0 -1 -1 1 0
85 OPPONENT_CAST 0 0 -1 1 0 -1 -1 1 0
1 0 1 0 9
2 0 0 1 47
----- 97 / 177 -----
25
61 BREW 0 0 0 -4 17 1 4 0 0
66 BREW -2 -1 0 -1 9 0 0 0 0
62 BREW 0 -2 0 -3 16 0 0 0 0
58 BREW 0 -3 0 -2 14 0 0 0 0
68 BREW -1 0 -2 -1 12 0 0 0 0
23 LEARN 1 -3 1 1 0 0 0 0 1
14 LEARN 0 0 0 1 0 1 0 0 0
13 LEARN 4 0 0 0 0 2 0 0 0
40 LEARN 0 -2 2 0 0 3 0 0 1
34 LEARN -2 0 -1 2 0 4 0 0 1
2 LEARN 1 1 0 0 0 5 0 0 0
78 CAST 2 0 0 0 0 -1 -1 0 0
79 CAST -1 1 0 0 0 -1 -1 1 0
80 CAST 0 -1 1 0 0 -1 -1 1 0
81 CAST 0 0 -1 1 0 -1 -1 1 0
86 CAST 0 -3 3 0 0 -1 -1 1 1
87 CAST 1 1 3 -2 0 -1 -1 1 1
88 CAST 3 -1 0 0 0 -1 -1 0 1
89 CAST -3 3 0 0 0 -1 -1 0 1
90 CAST 0 0 -2 2 0 -1 -1 1 1
91 CAST -2 0 1 0 0 -1 -1 0 1
82 OPPONENT_CAST 2 0 0 0 0 -1 -1 1 0
83 OPPONENT_CAST -1 1 0 0 0 -1 -1 0 0
84 OPPONENT_CAST 0 -1 1 0 0 -1 -1 1 0
85 OPPONENT_CAST 0 0 -1 1 0 -1 -1 1 0
1 0 1 0 9
1 1 0 1 47
----- 99 / 177 -----
25
61 BREW 0 0 0 -4 17 1 4 0 0
66 BREW -2 -1 0 -1 9 0 0 0 0
62 BREW 0 -2 0 -3 16 0 0 0 0
58 BREW 0 -3 0 -2 14 0 0 0 0
68 BREW -1 0 -2 -1 12 0 0 0 0
23 LEARN 1 -3 1 1 0 0 0 0 1
14 LEARN 0 0 0 1 0 1 0 0 0
13 LEARN 4 0 0 0 0 2 0 0 0
40 LEARN 0 -2 2 0 0 3 0 0 1
34 LEARN -2 0 -1 2 0 4 0 0 1
2 LEARN 1 1 0 0 0 5 0 0 0
78 CAST 2 0 0 0 0 -1 -1 0 0
79 CAST -1 1 0 0 0 -1 -1 1 0
80 CAST 0 -1 1 0 0 -1 -1 1 0
81 CAST 0 0 -1 1 0 -1 -1 1 0
86 CAST 0 -3 3 0 0 -1 -1 1 1
87 CAST 1 1 3 -2 0 -1 -1 1 1
88 CAST 3 -1 0 0 0 -1 -1 0 1
89 CAST -3 3 0 0 0 -1 -1 0 1
90 CAST 0 0 -2 2 0 -1 -1 1 1
91 CAST -2 0 1 0 0 -1 -1 0 1
82 OPPONENT_CAST 2 0 0 0 0 -1 -1 1 0
83 OPPONENT_CAST -1 1 0 0 0 -1 -1 0 0
84 OPPONENT_CAST 0 -1 1 0 0 -1 -1 0 0
85 OPPONENT_CAST 0 0 -1 1 0 -1 -1 1 0
1 0 1 0 9
1 0 1 1 47
----- 101 / 177 -----
25
61 BREW 0 0 0 -4 17 1 4 0 0
66 BREW -2 -1 0 -1 9 0 0 0 0
62 BREW 0 -2 0 -3 16 0 0 0 0
58 BREW 0 -3 0 -2 14 0 0 0 0
68 BREW -1 0 -2 -1 12 0 0 0 0
23 LEARN 1 -3 1 1 0 0 0 0 1
14 LEARN 0 0 0 1 0 1 0 0 0
13 LEARN 4 0 0 0 0 2 0 0 0
40 LEARN 0 -2 2 0 0 3 0 0 1
34 LEARN -2 0 -1 2 0 4 0 0 1
2 LEARN 1 1 0 0 0 5 0 0 0
78 CAST 2 0 0 0 0 -1 -1 0 0
79 CAST -1 1 0 0 0 -1 -1 1 0
80 CAST 0 -1 1 0 0 -1 -1 1 0
81 CAST 0 0 -1 1 0 -1 -1 1 0
86 CAST 0 -3 3 0 0 -1 -1 1 1
87 CAST 1 1 3 -2 0 -1 -1 1 1
88 CAST 3 -1 0 0 0 -1 -1 0 1
89 CAST -3 3 0 0 0 -1 -1 0 1
90 CAST 0 0 -2 2 0 -1 -1 1 1
91 CAST -2 0 1 0 0 -1 -1 0 1
82 OPPONENT_CAST 2 0 0 0 0 -1 -1 1 0
83 OPPONENT_CAST -1 1 0 0 0 -1 -1 0 0
84 OPPONENT_CAST 0 -1 1 0 0 -1 -1 0 0
85 OPPONENT_CAST 0 0 -1 1 0 -1 -1 0 0
1 0 1 0 9
1 0 0 2 47
----- 103 / 177 -----
25
61 BREW 0 0 0 -4 17 1 4 0 0
66 BREW -2 -1 0 -1 9 0 0 0 0
62 BREW 0 -2 0 -3 16 0 0 0 0
58 BREW 0 -3 0 -2 14 0 0 0 0
68 BREW -1 0 -2 -1 12 0 0 0 0
23 LEARN 1 -3 1 1 0 0 0 0 1
14 LEARN 0 0 0 1 0 1 0 0 0
13 LEARN 4 0 0 0 0 2 0 0 0
40 LEARN 0 -2 2 0 0 3 0 0 1
34 LEARN -2 0 -1 2 0 4 0 0 1
2 LEARN 1 1 0 0 0 5 0 0 0
78 CAST 2 0 0 0 0 -1 -1 0 0
79 CAST -1 1 0 0 0 -1 -1 1 0
80 CAST 0 -1 1 0 0 -1 -1 1 0
81 CAST 0 0 -1 1 0 -1 -1 1 0
86 CAST 0 -3 3 0 0 -1 -1 1 1
87 CAST 1 1 3 -2 0 -1 -1 1 1
88 CAST 3 -1 0 0 0 -1 -1 0 1
89 CAST -3 3 0 0 0 -1 -1 0 1
90 CAST 0 0 -2 2 0 -1 -1 1 1
91 CAST -2 0 1 0 0 -1 -1 0 1
82 OPPONENT_CAST 2 0 0 0 0 -1 -1 1 0
83 OPPONENT_CAST -1 1 0 0 0 -1 -1 1 0
84 OPPONENT_CAST 0 -1 1 0 0 -1 -1 1 0
85 OPPONENT_CAST 0 0 -1 1 0 -1 -1 1 0
1 0 1 0 9
1 0 0 2 47
----- 105 / 177 -----
25
61 BREW 0 0 0 -4 17 1 4 0 0
66 BREW -2 -1 0 -1 9 0 0 0 0
62 BREW 0 -2 0 -3 16 0 0 0 0
58 BREW 0 -3 0 -2 14 0 0 0 0
68 BREW -1 0 -2 -1 12 0 0 0 0
23 LEARN 1 -3 1 1 0 0 0 0 1
14 LEARN 0 0 0 1 0 1 0 0 0
13 LEARN 4 0 0 0 0 2 0 0 0
40 LEARN 0 -2 2 0 0 3 0 0 1
34 LEARN -2 0 -1 2 0 4 0 0 1
2 LEARN 1 1 0 0 0 5 0 0 0
78 CAST 2 0 0 0 0 -1 -1 0 0
79 CAST -1 1 0 0 0 -1 -1 1 0
80 CAST 0 -1 1 0 0 -1 -1 1 0
81 CAST 0 0 -1 1 0 -1 -1 1 0
86 CAST 0 -3 3 0 0 -1 -1 1 1
87 CAST 1 1 3 -2 0 -1 -1 1 1
88 CAST 3 -1 0 0 0 -1 -1 0 1
89 CAST -3 3 0 0 0 -1 -1 0 1
90 CAST 0 0 -2 2 0 -1 -1 1 1
91 CAST -2 0 1 0 0 -1 -1 0 1
82 OPPONENT_CAST 2 0 0 0 0 -1 -1 1 0
83 OPPONENT_CAST -1 1 0 0 0 -1 -1 0 0
84 OPPONENT_CAST 0 -1 1 0 0 -1 -1 1 0
85 OPPONENT_CAST 0 0 -1 1 0 -1 -1 1 0
1 0 1 0 9
0 1 0 2 47
----- 107 / 177 -----
25
61 BREW 0 0 0 -4 17 1 4 0 0
66 BREW -2 -1 0 -1 9 0 0 0 0
62 BREW 0 -2 0 -3 16 0 0 0 0
58 BREW 0 -3 0 -2 14 0 0 0 0
68 BREW -1 0 -2 -1 12 0 0 0 0
23 LEARN 1 -3 1 1 0 0 0 0 1
14 LEARN 0 0 0 1 0 1 0 0 0
13 LEARN 4 0 0 0 0 2 0 0 0
40 LEARN 0 -2 2 0 0 3 0 0 1
34 LEARN -2 0 -1 2 0 4 0 0 1
2 LEARN 1 1 0 0 0 5 0 0 0
78 CAST 2 0 0 0 0 -1 -1 0 0
79 CAST -1 1 0 0 0 -1 -1 1 0
80 CAST 0 -1 1 0 0 -1 -1 1 0
81 CAST 0 0 -1 1 0 -1 -1 1 0
86 CAST 0 -3 3 0 0 -1 -1 1 1
87 CAST 1 1 3 -2 0 -1 -1 1 1
88 CAST 3 -1 0 0 0 -1 -1 0 1
89 CAST -3 3 0 0 0 -1 -1 0 1
90 CAST 0 0 -2 2 0 -1 -1 1 1
91 CAST -2 0 1 0 0 -1 -1 0 1
82 OPPONENT_CAST 2 0 0 0 0 -1 -1 1 0
83 OPPONENT_CAST -1 1 0 0 0 -1 -1 0 0
84 OPPONENT_CAST 0 -1 1 0 0 -1 -1 0 0
85 OPPONENT_CAST 0 0 -1 1 0 -1 -1 1 0
1 0 1 0 9
0 0 1 2 47
----- 109 / 177 -----
25
61 BREW 0 0 0 -4 17 1 4 0 0
66 BREW -2 -1 0 -1 9 0 0 0 0
62 BREW 0 -2 0 -3 16 0 0 0 0
58 BREW 0 -3 0 -2 14 0 0 0 0
68 BREW -1 0 -2 -1 12 0 0 0 0
23 LEARN 1 -3 1 1 0 0 0 0 1
14 LEARN 0 0 0 1 0 1 0 0 0
13 LEARN 4 0 0 0 0 2 0 0 0
40 LEARN 0 -2 2 0 0 3 0 0 1
34 LEARN -2 0 -1 2 0 4 0 0 1
2 LEARN 1 1 0 0 0 5 0 0 0
78 CAST 2 0 0 0 0 -1 -1 0 0
79 CAST -1 1 0 0 0 -1 -1 1 0
80 CAST 0 -1 1 0 0 -1 -1 1 0
81 CAST 0 0 -1 1 0 -1 -1 1 0
86 CAST 0 -3 3 0 0 -1 -1 1 1
87 CAST 1 1 3 -2 0 -1 -1 1 1
88 CAST 3 -1 0 0 0 -1 -1 0 1
89 CAST -3 3 0 0 0 -1 -1 0 1
90 CAST 0 0 -2 2 0 -1 -1 1 1
91 CAST -2 0 1 0 0 -1 -1 0 1
82 OPPONENT_CAST 2 0 0 0 0 -1 -1 1 0
83 OPPONENT_CAST -1 1 0 0 0 -1 -1 0 0
84 OPPONENT_CAST 0 -1 1 0 0 -1 -1 0 0
85 OPPONENT_CAST 0 0 -1 1 0 -1 -1 0 0
1 0 1 0 9
0 0 0 3 47
----- 111 / 177 -----
25
61 BREW 0 0 0 -4 17 1 4 0 0
66 BREW -2 -1 0 -1 9 0 0 0 0
62 BREW 0 -2 0 -3 16 0 0 0 0
58 BREW 0 -3 0 -2 14 0 0 0 0
68 BREW -1 0 -2 -1 12 0 0 0 0
23 LEARN 1 -3 1 1 0 0 0 0 1
14 LEARN 0 0 0 1 0 1 0 0 0
13 LEARN 4 0 0 0 0 2 0 0 0
40 LEARN 0 -2 2 0 0 3 0 0 1
34 LEARN -2 0 -1 2 0 4 0 0 1
2 LEARN 1 1 0 0 0 5 0 0 0
78 CAST 2 0 0 0 0 -1 -1 0 0
79 CAST -1 1 0 0 0 -1 -1 1 0
80 CAST 0 -1 1 0 0 -1 -1 1 0
81 CAST 0 0 -1 1 0 -1 -1 1 0
86 CAST 0 -3 3 0 0 -1 -1 1 1
87 CAST 1 1 3 -2 0 -1 -1 1 1
88 CAST 3 -1 0 0 0 -1 -1 0 1
89 CAST -3 3 0 0 0 -1 -1 0 1
90 CAST 0 0 -2 2 0 -1 -1 1 1
91 CAST -2 0 1 0 0 -1 -1 0 1
82 OPPONENT_CAST 2 0 0 0 0 -1 -1 0 0
83 OPPONENT_CAST -1 1 0 0 0 -1 -1 0 0
84 OPPONENT_CAST 0 -1 1 0 0 -1 -1 0 0
85 OPPONENT_CAST 0 0 -1 1 0 -1 -1 0 0
1 0 1 0 9
2 0 0 3 47
----- 113 / 177 -----
25
61 BREW 0 0 0 -4 17 1 4 0 0
66 BREW -2 -1 0 -1 9 0 0 0 0
62 BREW 0 -2 0 -3 16 0 0 0 0
58 BREW 0 -3 0 -2 14 0 0 0 0
68 BREW -1 0 -2 -1 12 0 0 0 0
23 LEARN 1 -3 1 1 0 0 0 0 1
14 LEARN 0 0 0 1 0 1 0 0 0
13 LEARN 4 0 0 0 0 2 0 0 0
40 LEARN 0 -2 2 0 0 3 0 0 1
34 LEARN -2 0 -1 2 0 4 0 0 1
2 LEARN 1 1 0 0 0 5 0 0 0
78 CAST 2 0 0 0 0 -1 -1 0 0
79 CAST -1 1 0 0 0 -1 -1 1 0
80 CAST 0 -1 1 0 0 -1 -1 1 0
81 CAST 0 0 -1 1 0 -1 -1 1 0
86 CAST 0 -3 3 0 0 -1 -1 1 1
87 CAST 1 1 3 -2 0 -1 -1 1 1
88 CAST 3 -1 0 0 0 -1 -1 0 1
89 CAST -3 3 0 0 0 -1 -1 0 1
90 CAST 0 0 -2 2 0 -1 -1 1 1
91 CAST -2 0 1 0 0 -1 -1 0 1
82 OPPONENT_CAST 2 0 0 0 0 -1 -1 1 0
83 OPPONENT_CAST -1 1 0 0 0 -1 -1 1 0
84 OPPONENT_CAST 0 -1 1 0 0 -1 -1 1 0
85 OPPONENT_CAST 0 0 -1 1 0 -1 -1 1 0
1 0 1 0 9
2 0 0 3 47
----- 115 / 177 -----
25
61 BREW 0 0 0 -4 17 1 4 0 0
66 BREW -2 -1 0 -1 9 0 0 0 0
62 BREW 0 -2 0 -3 16 0 0 0 0
58 BREW 0 -3 0 -2 14 0 0 0 0
68 BREW -1 0 -2 -1 12 0 0 0 0
23 LEARN 1 -3 1 1 0 0 0 0 1
14 LEARN 0 0 0 1 0 1 0 0 0
13 LEARN 4 0 0 0 0 2 0 0 0
40 LEARN 0 -2 2 0 0 3 0 0 1
34 LEARN -2 0 -1 2 0 4 0 0 1
2 LEARN 1 1 0 0 0 5 0 0 0
78 CAST 2 0 0 0 0 -1 -1 0 0
79 CAST -1 1 0 0 0 -1 -1 1 0
80 CAST 0 -1 1 0 0 -1 -1 1 0
81 CAST 0 0 -1 1 0 -1 -1 1 0
86 CAST 0 -3 3 0 0 -1 -1 1 1
87 CAST 1 1 3 -2 0 -1 -1 1 1
88 CAST 3 -1 0 0 0 -1 -1 0 1
89 CAST -3 3 0 0 0 -1 -1 0 1
90 CAST 0 0 -2 2 0 -1 -1 1 1
91 CAST -2 0 1 0 0 -1 -1 0 1
82 OPPONENT_CAST 2 0 0 0 0 -1 -1 1 0
83 OPPONENT_CAST -1 1 0 0 0 -1 -1 0 0
84 OPPONENT_CAST 0 -1 1 0 0 -1 -1 1 0
85 OPPONENT_CAST 0 0 -1 1 0 -1 -1 1 0
1 0 1 0 9
1 1 0 3 47
----- 117 / 177 -----
25
61 BREW 0 0 0 -4 17 1 4 0 0
66 BREW -2 -1 0 -1 9 0 0 0 0
62 BREW 0 -2 0 -3 16 0 0 0 0
58 BREW 0 -3 0 -2 14 0 0 0 0
68 BREW -1 0 -2 -1 12 0 0 0 0
23 LEARN 1 -3 1 1 0 0 0 0 1
14 LEARN 0 0 0 1 0 1 0 0 0
13 LEARN 4 0 0 0 0 2 0 0 0
40 LEARN 0 -2 2 0 0 3 0 0 1
34 LEARN -2 0 -1 2 0 4 0 0 1
2 LEARN 1 1 0 0 0 5 0 0 0
78 CAST 2 0 0 0 0 -1 -1 0 0
79 CAST -1 1 0 0 0 -1 -1 1 0
80 CAST 0 -1 1 0 0 -1 -1 1 0
81 CAST 0 0 -1 1 0 -1 -1 1 0
86 CAST 0 -3 3 0 0 -1 -1 1 1
87 CAST 1 1 3 -2 0 -1 -1 1 1
88 CAST 3 -1 0 0 0 -1 -1 0 1
89 CAST -3 3 0 0 0 -1 -1 0 1
90 CAST 0 0 -2 2 0 -1 -1 1 1
91 CAST -2 0 1 0 0 -1 -1 0 1
82 OPPONENT_CAST 2 0 0 0 0 -1 -1 1 0
83 OPPONENT_CAST -1 1 0 0 0 -1 -1 0 0
84 OPPONENT_CAST 0 -1 1 0 0 -1 -1 0 0
85 OPPONENT_CAST 0 0 -1 1 0 -1 -1 1 0
1 0 1 0 9
1 0 1 3 47
----- 119 / 177 -----
25
61 BREW 0 0 0 -4 17 1 4 0 0
66 BREW -2 -1 0 -1 9 0 0 0 0
62 BREW 0 -2 0 -3 16 0 0 0 0
58 BREW 0 -3 0 -2 14 0 0 0 0
68 BREW -1 0 -2 -1 12 0 0 0 0
23 LEARN 1 -3 1 1 0 0 0 0 1
14 LEARN 0 0 0 1 0 1 0 0 0
13 LEARN 4 0 0 0 0 2 0 0 0
40 LEARN 0 -2 2 0 0 3 0 0 1
34 LEARN -2 0 -1 2 0 4 0 0 1
2 LEARN 1 1 0 0 0 5 0 0 0
78 CAST 2 0 0 0 0 -1 -1 0 0
79 CAST -1 1 0 0 0 -1 -1 1 0
80 CAST 0 -1 1 0 0 -1 -1 1 0
81 CAST 0 0 -1 1 0 -1 -1 1 0
86 CAST 0 -3 3 0 0 -1 -1 1 1
87 CAST 1 1 3 -2 0 -1 -1 1 1
88 CAST 3 -1 0 0 0 -1 -1 0 1
89 CAST -3 3 0 0 0 -1 -1 0 1
90 CAST 0 0 -2 2 0 -1 -1 1 1
91 CAST -2 0 1 0 0 -1 -1 0 1
82 OPPONENT_CAST 2 0 0 0 0 -1 -1 1 0
83 OPPONENT_CAST -1 1 0 0 0 -1 -1 0 0
84 OPPONENT_CAST 0 -1 1 0 0 -1 -1 0 0
85 OPPONENT_CAST 0 0 -1 1 0 -1 -1 0 0
1 0 1 0 9
1 0 0 4 47
----- 121 / 177 -----
25
66 BREW -2 -1 0 -1 10 1 3 0 0
62 BREW 0 -2 0 -3 16 0 0 0 0
58 BREW 0 -3 0 -2 14 0 0 0 0
68 BREW -1 0 -2 -1 12 0 0 0 0
71 BREW -2 0 -2 -2 17 0 0 0 0
23 LEARN 1 -3 1 1 0 0 0 0 1
14 LEARN 0 0 0 1 0 1 0 0 0
13 LEARN 4 0 0 0 0 2 0 0 0
40 LEARN 0 -2 2 0 0 3 0 0 1
34 LEARN -2 0 -1 2 0 4 0 0 1
2 LEARN 1 1 0 0 0 5 0 0 0
78 CAST 2 0 0 0 0 -1 -1 0 0
79 CAST -1 1 0 0 0 -1 -1 1 0
80 CAST 0 -1 1 0 0 -1 -1 1 0
81 CAST 0 0 -1 1 0 -1 -1 1 0
86 CAST 0 -3 3 0 0 -1 -1 1 1
87 CAST 1 1 3 -2 0 -1 -1 1 1
88 CAST 3 -1 0 0 0 -1 -1 0 1
89 CAST -3 3 0 0 0 -1 -1 0 1
90 CAST 0 0 -2 2 0 -1 -1 1 1
91 CAST -2 0 1 0 0 -1 -1 0 1
82 OPPONENT_CAST 2 0 0 0 0 -1 -1 1 0
83 OPPONENT_CAST -1 1 0 0 0 -1 -1 0 0
84 OPPONENT_CAST 0 -1 1 0 0 -1 -1 0 0
85 OPPONENT_CAST 0 0 -1 1 0 -1 -1 0 0
1 0 1 0 9
1 0 0 0 64
----- 123 / 177 -----
25
66 BREW -2 -1 0 -1 10 1 3 0 0
62 BREW 0 -2 0 -3 16 0 0 0 0
58 BREW 0 -3 0 -2 14 0 0 0 0
68 BREW -1 0 -2 -1 12 0 0 0 0
71 BREW -2 0 -2 -2 17 0 0 0 0
23 LEARN 1 -3 1 1 0 0 0 0 1
14 LEARN 0 0 0 1 0 1 0 0 0
13 LEARN 4 0 0 0 0 2 0 0 0
40 LEARN 0 -2 2 0 0 3 0 0 1
34 LEARN -2 0 -1 2 0 4 0 0 1
2 LEARN 1 1 0 0 0 5 0 0 0
78 CAST 2 0 0 0 0 -1 -1 0 0
79 CAST -1 1 0 0 0 -1 -1 1 0
80 CAST 0 -1 1 0 0 -1 -1 1 0
81 CAST 0 0 -1 1 0 -1 -1 0 0
86 CAST 0 -3 3 0 0 -1 -1 1 1
87 CAST 1 1 3 -2 0 -1 -1 1 1
88 CAST 3 -1 0 0 0 -1 -1 0 1
89 CAST -3 3 0 0 0 -1 -1 0 1
90 CAST 0 0 -2 2 0 -1 -1 1 1
91 CAST -2 0 1 0 0 -1 -1 0 1
82 OPPONENT_CAST 2 0 0 0 0 -1 -1 0 0
83 OPPONENT_CAST -1 1 0 0 0 -1 -1 0 0
84 OPPONENT_CAST 0 -1 1 0 0 -1 -1 0 0
85 OPPONENT_CAST 0 0 -1 1 0 -1 -1 0 0
1 0 0 1 9
3 0 0 0 64
----- 125 / 177 -----
25
66 BREW -2 -1 0 -1 10 1 3 0 0
62 BREW 0 -2 0 -3 16 0 0 0 0
58 BREW 0 -3 0 -2 14 0 0 0 0
68 BREW -1 0 -2 -1 12 0 0 0 0
71 BREW -2 0 -2 -2 17 0 0 0 0
23 LEARN 1 -3 1 1 0 0 0 0 1
14 LEARN 0 0 0 1 0 1 0 0 0
13 LEARN 4 0 0 0 0 2 0 0 0
40 LEARN 0 -2 2 0 0 3 0 0 1
34 LEARN -2 0 -1 2 0 4 0 0 1
2 LEARN 1 1 0 0 0 5 0 0 0
78 CAST 2 0 0 0 0 -1 -1 0 0
79 CAST -1 1 0 0 0 -1 -1 1 0
80 CAST 0 -1 1 0 0 -1 -1 1 0
81 CAST 0 0 -1 1 0 -1 -1 0 0
86 CAST 0 -3 3 0 0 -1 -1 1 1
87 CAST 1 1 3 -2 0 -1 -1 1 1
88 CAST 3 -1 0 0 0 -1 -1 0 1
89 CAST -3 3 0 0 0 -1 -1 0 1
90 CAST 0 0 -2 2 0 -1 -1 1 1
91 CAST -2 0 1 0 0 -1 -1 0 1
82 OPPONENT_CAST 2 0 0 0 0 -1 -1 1 0
83 OPPONENT_CAST -1 1 0 0 0 -1 -1 1 0
84 OPPONENT_CAST 0 -1 1 0 0 -1 -1 1 0
85 OPPONENT_CAST 0 0 -1 1 0 -1 -1 1 0
1 0 0 1 9
3 0 0 0 64
----- 127 / 177 -----
25
66 BREW -2 -1 0 -1 10 1 3 0 0
62 BREW 0 -2 0 -3 16 0 0 0 0
58 BREW 0 -3 0 -2 14 0 0 0 0
68 BREW -1 0 -2 -1 12 0 0 0 0
71 BREW -2 0 -2 -2 17 0 0 0 0
23 LEARN 1 -3 1 1 0 0 0 0 1
14 LEARN 0 0 0 1 0 1 0 0 0
13 LEARN 4 0 0 0 0 2 0 0 0
40 LEARN 0 -2 2 0 0 3 0 0 1
34 LEARN -2 0 -1 2 0 4 0 0 1
2 LEARN 1 1 0 0 0 5 0 0 0
78 CAST 2 0 0 0 0 -1 -1 0 0
79 CAST -1 1 0 0 0 -1 -1 1 0
80 CAST 0 -1 1 0 0 -1 -1 1 0
81 CAST 0 0 -1 1 0 -1 -1 0 0
86 CAST 0 -3 3 0 0 -1 -1 1 1
87 CAST 1 1 3 -2 0 -1 -1 1 1
88 CAST 3 -1 0 0 0 -1 -1 0 1
89 CAST -3 3 0 0 0 -1 -1 0 1
90 CAST 0 0 -2 2 0 -1 -1 1 1
91 CAST -2 0 1 0 0 -1 -1 0 1
82 OPPONENT_CAST 2 0 0 0 0 -1 -1 1 0
83 OPPONENT_CAST -1 1 0 0 0 -1 -1 0 0
84 OPPONENT_CAST 0 -1 1 0 0 -1 -1 1 0
85 OPPONENT_CAST 0 0 -1 1 0 -1 -1 1 0
1 0 0 1 9
2 1 0 0 64
----- 129 / 177 -----
25
66 BREW -2 -1 0 -1 10 1 3 0 0
62 BREW 0 -2 0 -3 16 0 0 0 0
58 BREW 0 -3 0 -2 14 0 0 0 0
68 BREW -1 0 -2 -1 12 0 0 0 0
71 BREW -2 0 -2 -2 17 0 0 0 0
23 LEARN 1 -3 1 1 0 0 0 0 1
14 LEARN 0 0 0 1 0 1 0 0 0
13 LEARN 4 0 0 0 0 2 0 0 0
40 LEARN 0 -2 2 0 0 3 0 0 1
34 LEARN -2 0 -1 2 0 4 0 0 1
2 LEARN 1 1 0 0 0 5 0 0 0
78 CAST 2 0 0 0 0 -1 -1 0 0
79 CAST -1 1 0 0 0 -1 -1 1 0
80 CAST 0 -1 1 0 0 -1 -1 1 0
81 CAST 0 0 -1 1 0 -1 -1 0 0
86 CAST 0 -3 3 0 0 -1 -1 1 1
87 CAST 1 1 3 -2 0 -1 -1 1 1
88 CAST 3 -1 0 0 0 -1 -1 0 1
89 CAST -3 3 0 0 0 -1 -1 0 1
90 CAST 0 0 -2 2 0 -1 -1 1 1
91 CAST -2 0 1 0 0 -1 -1 0 1
82 OPPONENT_CAST 2 0 0 0 0 -1 -1 1 0
83 OPPONENT_CAST -1 1 0 0 0 -1 -1 0 0
84 OPPONENT_CAST 0 -1 1 0 0 -1 -1 0 0
85 OPPONENT_CAST 0 0 -1 1 0 -1 -1 1 0
1 0 0 1 9
2 0 1 0 64
----- 131 / 177 -----
25
66 BREW -2 -1 0 -1 10 1 3 0 0
62 BREW 0 -2 0 -3 16 0 0 0 0
58 BREW 0 -3 0 -2 14 0 0 0 0
68 BREW -1 0 -2 -1 12 0 0 0 0
71 BREW -2 0 -2 -2 17 0 0 0 0
23 LEARN 1 -3 1 1 0 0 0 0 1
14 LEARN 0 0 0 1 0 1 0 0 0
13 LEARN 4 0 0 0 0 2 0 0 0
40 LEARN 0 -2 2 0 0 3 0 0 1
34 LEARN -2 0 -1 2 0 4 0 0 1
2 LEARN 1 1 0 0 0 5 0 0 0
78 CAST 2 0 0 0 0 -1 -1 0 0
79 CAST -1 1 0 0 0 -1 -1 1 0
80 CAST 0 -1 1 0 0 -1 -1 1 0
81 CAST 0 0 -1 1 0 -1 -1 0 0
86 CAST 0 -3 3 0 0 -1 -1 1 1
87 CAST 1 1 3 -2 0 -1 -1 1 1
88 CAST 3 -1 0 0 0 -1 -1 0 1
89 CAST -3 3 0 0 0 -1 -1 0 1
90 CAST 0 0 -2 2 0 -1 -1 1 1
91 CAST -2 0 1 0 0 -1 -1 0 1
82 OPPONENT_CAST 2 0 0 0 0 -1 -1 1 0
83 OPPONENT_CAST -1 1 0 0 0 -1 -1 1 0
84 OPPONENT_CAST 0 -1 1 0 0 -1 -1 1 0
85 OPPONENT_CAST 0 0 -1 1 0 -1 -1 1 0
1 0 0 1 9
2 0 1 0 64
----- 133 / 177 -----
25
66 BREW -2 -1 0 -1 10 1 3 0 0
62 BREW 0 -2 0 -3 16 0 0 0 0
58 BREW 0 -3 0 -2 14 0 0 0 0
68 BREW -1 0 -2 -1 12 0 0 0 0
71 BREW -2 0 -2 -2 17 0 0 0 0
23 LEARN 1 -3 1 1 0 0 0 0 1
14 LEARN 0 0 0 1 0 1 0 0 0
13 LEARN 4 0 0 0 0 2 0 0 0
40 LEARN 0 -2 2 0 0 3 0 0 1
34 LEARN -2 0 -1 2 0 4 0 0 1
2 LEARN 1 1 0 0 0 5 0 0 0
78 CAST 2 0 0 0 0 -1 -1 0 0
79 CAST -1 1 0 0 0 -1 -1 1 0
80 CAST 0 -1 1 0 0 -1 -1 1 0
81 CAST 0 0 -1 1 0 -1 -1 0 0
86 CAST 0 -3 3 0 0 -1 -1 1 1
87 CAST 1 1 3 -2 0 -1 -1 1 1
88 CAST 3 -1 0 0 0 -1 -1 0 1
89 CAST -3 3 0 0 0 -1 -1 0 1
90 CAST 0 0 -2 2 0 -1 -1 1 1
91 CAST -2 0 1 0 0 -1 -1 0 1
82 OPPONENT_CAST 2 0 0 0 0 -1 -1 1 0
83 OPPONENT_CAST -1 1 0 0 0 -1 -1 0 0
84 OPPONENT_CAST 0 -1 1 0 0 -1 -1 1 0
85 OPPONENT_CAST 0 0 -1 1 0 -1 -1 1 0
1 0 0 1 9
1 1 1 0 64
----- 135 / 177 -----
25
66 BREW -2 -1 0 -1 10 1 3 0 0
62 BREW 0 -2 0 -3 16 0 0 0 0
58 BREW 0 -3 0 -2 14 0 0 0 0
68 BREW -1 0 -2 -1 12 0 0 0 0
71 BREW -2 0 -2 -2 17 0 0 0 0
23 LEARN 1 -3 1 1 0 0 0 0 1
14 LEARN 0 0 0 1 0 1 0 0 0
13 LEARN 4 0 0 0 0 2 0 0 0
40 LEARN 0 -2 2 0 0 3 0 0 1
34 LEARN -2 0 -1 2 0 4 0 0 1
2 LEARN 1 1 0 0 0 5 0 0 0
78 CAST 2 0 0 0 0 -1 -1 0 0
79 CAST -1 1 0 0 0 -1 -1 1 0
80 CAST 0 -1 1 0 0 -1 -1 1 0
81 CAST 0 0 -1 1 0 -1 -1 0 0
86 CAST 0 -3 3 0 0 -1 -1 1 1
87 CAST 1 1 3 -2 0 -1 -1 1 1
88 CAST 3 -1 0 0 0 -1 -1 0 1
89 CAST -3 3 0 0 0 -1 -1 0 1
90 CAST 0 0 -2 2 0 -1 -1 1 1
91 CAST -2 0 1 0 0 -1 -1 0 1
82 OPPONENT_CAST 2 0 0 0 0 -1 -1 0 0
83 OPPONENT_CAST -1 1 0 0 0 -1 -1 0 0
84 OPPONENT_CAST 0 -1 1 0 0 -1 -1 1 0
85 OPPONENT_CAST 0 0 -1 1 0 -1 -1 1 0
1 0 0 1 9
3 1 1 0 64
----- 137 / 177 -----
25
66 BREW -2 -1 0 -1 10 1 3 0 0
62 BREW 0 -2 0 -3 16 0 0 0 0
58 BREW 0 -3 0 -2 14 0 0 0 0
68 BREW -1 0 -2 -1 12 0 0 0 0
71 BREW -2 0 -2 -2 17 0 0 0 0
23 LEARN 1 -3 1 1 0 0 0 0 1
14 LEARN 0 0 0 1 0 1 0 0 0
13 LEARN 4 0 0 0 0 2 0 0 0
40 LEARN 0 -2 2 0 0 3 0 0 1
34 LEARN -2 0 -1 2 0 4 0 0 1
2 LEARN 1 1 0 0 0 5 0 0 0
78 CAST 2 0 0 0 0 -1 -1 0 0
79 CAST -1 1 0 0 0 -1 -1 1 0
80 CAST 0 -1 1 0 0 -1 -1 1 0
81 CAST 0 0 -1 1 0 -1 -1 0 0
86 CAST 0 -3 3 0 0 -1 -1 1 1
87 CAST 1 1 3 -2 0 -1 -1 1 1
88 CAST 3 -1 0 0 0 -1 -1 0 1
89 CAST -3 3 0 0 0 -1 -1 0 1
90 CAST 0 0 -2 2 0 -1 -1 1 1
91 CAST -2 0 1 0 0 -1 -1 0 1
82 OPPONENT_CAST 2 0 0 0 0 -1 -1 0 0
83 OPPONENT_CAST -1 1 0 0 0 -1 -1 0 0
84 OPPONENT_CAST 0 -1 1 0 0 -1 -1 1 0
85 OPPONENT_CAST 0 0 -1 1 0 -1 -1 0 0
1 0 0 1 9
3 1 0 1 64
----- 139 / 177 -----
25
62 BREW 0 -2 0 -3 17 1 2 0 0
58 BREW 0 -3 0 -2 14 0 0 0 0
68 BREW -1 0 -2 -1 12 0 0 0 0
71 BREW -2 0 -2 -2 17 0 0 0 0
64 BREW 0 0 -2 -3 18 0 0 0 0
23 LEARN 1 -3 1 1 0 0 0 0 1
14 LEARN 0 0 0 1 0 1 0 0 0
13 LEARN 4 0 0 0 0 2 0 0 0
40 LEARN 0 -2 2 0 0 3 0 0 1
34 LEARN -2 0 -1 2 0 4 0 0 1
2 LEARN 1 1 0 0 0 5 0 0 0
78 CAST 2 0 0 0 0 -1 -1 0 0
79 CAST -1 1 0 0 0 -1 -1 1 0
80 CAST 0 -1 1 0 0 -1 -1 1 0
81 CAST 0 0 -1 1 0 -1 -1 0 0
86 CAST 0 -3 3 0 0 -1 -1 1 1
87 CAST 1 1 3 -2 0 -1 -1 1 1
88 CAST 3 -1 0 0 0 -1 -1 0 1
89 CAST -3 3 0 0 0 -1 -1 0 1
90 CAST 0 0 -2 2 0 -1 -1 1 1
91 CAST -2 0 1 0 0 -1 -1 0 1
82 OPPONENT_CAST 2 0 0 0 0 -1 -1 0 0
83 OPPONENT_CAST -1 1 0 0 0 -1 -1 0 0
84 OPPONENT_CAST 0 -1 1 0 0 -1 -1 1 0
85 OPPONENT_CAST 0 0 -1 1 0 -1 -1 0 0
1 0 0 1 9
1 0 0 0 74
----- 141 / 177 -----
25
62 BREW 0 -2 0 -3 17 1 2 0 0
58 BREW 0 -3 0 -2 14 0 0 0 0
68 BREW -1 0 -2 -1 12 0 0 0 0
71 BREW -2 0 -2 -2 17 0 0 0 0
64 BREW 0 0 -2 -3 18 0 0 0 0
23 LEARN 1 -3 1 1 0 0 0 0 1
14 LEARN 0 0 0 1 0 1 0 0 0
13 LEARN 4 0 0 0 0 2 0 0 0
40 LEARN 0 -2 2 0 0 3 0 0 1
34 LEARN -2 0 -1 2 0 4 0 0 1
2 LEARN 1 1 0 0 0 5 0 0 0
78 CAST 2 0 0 0 0 -1 -1 0 0
79 CAST -1 1 0 0 0 -1 -1 1 0
80 CAST 0 -1 1 0 0 -1 -1 1 0
81 CAST 0 0 -1 1 0 -1 -1 0 0
86 CAST 0 -3 3 0 0 -1 -1 1 1
87 CAST 1 1 3 -2 0 -1 -1 1 1
88 CAST 3 -1 0 0 0 -1 -1 0 1
89 CAST -3 3 0 0 0 -1 -1 0 1
90 CAST 0 0 -2 2 0 -1 -1 1 1
91 CAST -2 0 1 0 0 -1 -1 0 1
82 OPPONENT_CAST 2 0 0 0 0 -1 -1 1 0
83 OPPONENT_CAST -1 1 0 0 0 -1 -1 1 0
84 OPPONENT_CAST 0 -1 1 0 0 -1 -1 1 0
85 OPPONENT_CAST 0 0 -1 1 0 -1 -1 1 0
1 0 0 1 9
1 0 0 0 74
----- 143 / 177 -----
25
62 BREW 0 -2 0 -3 17 1 2 0 0
58 BREW 0 -3 0 -2 14 0 0 0 0
68 BREW -1 0 -2 -1 12 0 0 0 0
71 BREW -2 0 -2 -2 17 0 0 0 0
64 BREW 0 0 -2 -3 18 0 0 0 0
23 LEARN 1 -3 1 1 0 0 0 0 1
14 LEARN 0 0 0 1 0 1 0 0 0
13 LEARN 4 0 0 0 0 2 0 0 0
40 LEARN 0 -2 2 0 0 3 0 0 1
34 LEARN -2 0 -1 2 0 4 0 0 1
2 LEARN 1 1 0 0 0 5 0 0 0
78 CAST 2 0 0 0 0 -1 -1 0 0
79 CAST -1 1 0 0 0 -1 -1 1 0
80 CAST 0 -1 1 0 0 -1 -1 1 0
81 CAST 0 0 -1 1 0 -1 -1 0 0
86 CAST 0 -3 3 0 0 -1 -1 1 1
87 CAST 1 1 3 -2 0 -1 -1 1 1
88 CAST 3 -1 0 0 0 -1 -1 0 1
89 CAST -3 3 0 0 0 -1 -1 0 1
90 CAST 0 0 -2 2 0 -1 -1 1 1
91 CAST -2 0 1 0 0 -1 -1 0 1
82 OPPONENT_CAST 2 0 0 0 0 -1 -1 1 0
83 OPPONENT_CAST -1 1 0 0 0 -1 -1 0 0
84 OPPONENT_CAST 0 -1 1 0 0 -1 -1 1 0
85 OPPONENT_CAST 0 0 -1 1 0 -1 -1 1 0
1 0 0 1 9
0 1 0 0 74
----- 145 / 177 -----
25
62 BREW 0 -2 0 -3 17 1 2 0 0
58 BREW 0 -3 0 -2 14 0 0 0 0
68 BREW -1 0 -2 -1 12 0 0 0 0
71 BREW -2 0 -2 -2 17 0 0 0 0
64 BREW 0 0 -2 -3 18 0 0 0 0
23 LEARN 1 -3 1 1 0 0 0 0 1
14 LEARN 0 0 0 1 0 1 0 0 0
13 LEARN 4 0 0 0 0 2 0 0 0
40 LEARN 0 -2 2 0 0 3 0 0 1
34 LEARN -2 0 -1 2 0 4 0 0 1
2 LEARN 1 1 0 0 0 5 0 0 0
78 CAST 2 0 0 0 0 -1 -1 0 0
79 CAST -1 1 0 0 0 -1 -1 1 0
80 CAST 0 -1 1 0 0 -1 -1 1 0
81 CAST 0 0 -1 1 0 -1 -1 0 0
86 CAST 0 -3 3 0 0 -1 -1 1 1
87 CAST 1 1 3 -2 0 -1 -1 1 1
88 CAST 3 -1 0 0 0 -1 -1 0 1
89 CAST -3 3 0 0 0 -1 -1 0 1
90 CAST 0 0 -2 2 0 -1 -1 1 1
91 CAST -2 0 1 0 0 -1 -1 0 1
82 OPPONENT_CAST 2 0 0 0 0 -1 -1 0 0
83 OPPONENT_CAST -1 1 0 0 0 -1 -1 0 0
84 OPPONENT_CAST 0 -1 1 0 0 -1 -1 1 0
85 OPPONENT_CAST 0 0 -1 1 0 -1 -1 1 0
1 0 0 1 9
2 1 0 0 74
----- 147 / 177 -----
25
62 BREW 0 -2 0 -3 17 1 2 0 0
58 BREW 0 -3 0 -2 14 0 0 0 0
68 BREW -1 0 -2 -1 12 0 0 0 0
71 BREW -2 0 -2 -2 17 0 0 0 0
64 BREW 0 0 -2 -3 18 0 0 0 0
23 LEARN 1 -3 1 1 0 0 0 0 1
14 LEARN 0 0 0 1 0 1 0 0 0
13 LEARN 4 0 0 0 0 2 0 0 0
40 LEARN 0 -2 2 0 0 3 0 0 1
34 LEARN -2 0 -1 2 0 4 0 0 1
2 LEARN 1 1 0 0 0 5 0 0 0
78 CAST 2 0 0 0 0 -1 -1 0 0
79 CAST -1 1 0 0 0 -1 -1 1 0
80 CAST 0 -1 1 0 0 -1 -1 1 0
81 CAST 0 0 -1 1 0 -1 -1 0 0
86 CAST 0 -3 3 0 0 -1 -1 1 1
87 CAST 1 1 3 -2 0 -1 -1 1 1
88 CAST 3 -1 0 0 0 -1 -1 0 1
89 CAST -3 3 0 0 0 -1 -1 0 1
90 CAST 0 0 -2 2 0 -1 -1 1 1
91 CAST -2 0 1 0 0 -1 -1 0 1
82 OPPONENT_CAST 2 0 0 0 0 -1 -1 1 0
83 OPPONENT_CAST -1 1 0 0 0 -1 -1 1 0
84 OPPONENT_CAST 0 -1 1 0 0 -1 -1 1 0
85 OPPONENT_CAST 0 0 -1 1 0 -1 -1 1 0
1 0 0 1 9
2 1 0 0 74
----- 149 / 177 -----
25
62 BREW 0 -2 0 -3 17 1 2 0 0
58 BREW 0 -3 0 -2 14 0 0 0 0
68 BREW -1 0 -2 -1 12 0 0 0 0
71 BREW -2 0 -2 -2 17 0 0 0 0
64 BREW 0 0 -2 -3 18 0 0 0 0
23 LEARN 1 -3 1 1 0 0 0 0 1
14 LEARN 0 0 0 1 0 1 0 0 0
13 LEARN 4 0 0 0 0 2 0 0 0
40 LEARN 0 -2 2 0 0 3 0 0 1
34 LEARN -2 0 -1 2 0 4 0 0 1
2 LEARN 1 1 0 0 0 5 0 0 0
78 CAST 2 0 0 0 0 -1 -1 0 0
79 CAST -1 1 0 0 0 -1 -1 1 0
80 CAST 0 -1 1 0 0 -1 -1 1 0
81 CAST 0 0 -1 1 0 -1 -1 0 0
86 CAST 0 -3 3 0 0 -1 -1 1 1
87 CAST 1 1 3 -2 0 -1 -1 1 1
88 CAST 3 -1 0 0 0 -1 -1 0 1
89 CAST -3 3 0 0 0 -1 -1 0 1
90 CAST 0 0 -2 2 0 -1 -1 1 1
91 CAST -2 0 1 0 0 -1 -1 0 1
82 OPPONENT_CAST 2 0 0 0 0 -1 -1 1 0
83 OPPONENT_CAST -1 1 0 0 0 -1 -1 0 0
84 OPPONENT_CAST 0 -1 1 0 0 -1 -1 1 0
85 OPPONENT_CAST 0 0 -1 1 0 -1 -1 1 0
1 0 0 1 9
1 2 0 0 74
----- 151 / 177 -----
25
62 BREW 0 -2 0 -3 17 1 2 0 0
58 BREW 0 -3 0 -2 14 0 0 0 0
68 BREW -1 0 -2 -1 12 0 0 0 0
71 BREW -2 0 -2 -2 17 0 0 0 0
64 BREW 0 0 -2 -3 18 0 0 0 0
23 LEARN 1 -3 1 1 0 0 0 0 1
14 LEARN 0 0 0 1 0 1 0 0 0
13 LEARN 4 0 0 0 0 2 0 0 0
40 LEARN 0 -2 2 0 0 3 0 0 1
34 LEARN -2 0 -1 2 0 4 0 0 1
2 LEARN 1 1 0 0 0 5 0 0 0
78 CAST 2 0 0 0 0 -1 -1 0 0
79 CAST -1 1 0 0 0 -1 -1 1 0
80 CAST 0 -1 1 0 0 -1 -1 1 0
81 CAST 0 0 -1 1 0 -1 -1 0 0
86 CAST 0 -3 3 0 0 -1 -1 1 1
87 CAST 1 1 3 -2 0 -1 -1 1 1
88 CAST 3 -1 0 0 0 -1 -1 0 1
89 CAST -3 3 0 0 0 -1 -1 0 1
90 CAST 0 0 -2 2 0 -1 -1 1 1
91 CAST -2 0 1 0 0 -1 -1 0 1
82 OPPONENT_CAST 2 0 0 0 0 -1 -1 1 0
83 OPPONENT_CAST -1 1 0 0 0 -1 -1 0 0
84 OPPONENT_CAST 0 -1 1 0 0 -1 -1 0 0
85 OPPONENT_CAST 0 0 -1 1 0 -1 -1 1 0
1 0 0 1 9
1 1 1 0 74
----- 153 / 177 -----
25
62 BREW 0 -2 0 -3 17 1 2 0 0
58 BREW 0 -3 0 -2 14 0 0 0 0
68 BREW -1 0 -2 -1 12 0 0 0 0
71 BREW -2 0 -2 -2 17 0 0 0 0
64 BREW 0 0 -2 -3 18 0 0 0 0
23 LEARN 1 -3 1 1 0 0 0 0 1
14 LEARN 0 0 0 1 0 1 0 0 0
13 LEARN 4 0 0 0 0 2 0 0 0
40 LEARN 0 -2 2 0 0 3 0 0 1
34 LEARN -2 0 -1 2 0 4 0 0 1
2 LEARN 1 1 0 0 0 5 0 0 0
78 CAST 2 0 0 0 0 -1 -1 0 0
79 CAST -1 1 0 0 0 -1 -1 1 0
80 CAST 0 -1 1 0 0 -1 -1 1 0
81 CAST 0 0 -1 1 0 -1 -1 0 0
86 CAST 0 -3 3 0 0 -1 -1 1 1
87 CAST 1 1 3 -2 0 -1 -1 1 1
88 CAST 3 -1 0 0 0 -1 -1 0 1
89 CAST -3 3 0 0 0 -1 -1 0 1
90 CAST 0 0 -2 2 0 -1 -1 1 1
91 CAST -2 0 1 0 0 -1 -1 0 1
82 OPPONENT_CAST 2 0 0 0 0 -1 -1 1 0
83 OPPONENT_CAST -1 1 0 0 0 -1 -1 1 0
84 OPPONENT_CAST 0 -1 1 0 0 -1 -1 1 0
85 OPPONENT_CAST 0 0 -1 1 0 -1 -1 1 0
1 0 0 1 9
1 1 1 0 74
----- 155 / 177 -----
25
62 BREW 0 -2 0 -3 17 1 2 0 0
58 BREW 0 -3 0 -2 14 0 0 0 0
68 BREW -1 0 -2 -1 12 0 0 0 0
71 BREW -2 0 -2 -2 17 0 0 0 0
64 BREW 0 0 -2 -3 18 0 0 0 0
23 LEARN 1 -3 1 1 0 0 0 0 1
14 LEARN 0 0 0 1 0 1 0 0 0
13 LEARN 4 0 0 0 0 2 0 0 0
40 LEARN 0 -2 2 0 0 3 0 0 1
34 LEARN -2 0 -1 2 0 4 0 0 1
2 LEARN 1 1 0 0 0 5 0 0 0
78 CAST 2 0 0 0 0 -1 -1 0 0
79 CAST -1 1 0 0 0 -1 -1 1 0
80 CAST 0 -1 1 0 0 -1 -1 1 0
81 CAST 0 0 -1 1 0 -1 -1 0 0
86 CAST 0 -3 3 0 0 -1 -1 1 1
87 CAST 1 1 3 -2 0 -1 -1 1 1
88 CAST 3 -1 0 0 0 -1 -1 0 1
89 CAST -3 3 0 0 0 -1 -1 0 1
90 CAST 0 0 -2 2 0 -1 -1 1 1
91 CAST -2 0 1 0 0 -1 -1 0 1
82 OPPONENT_CAST 2 0 0 0 0 -1 -1 1 0
83 OPPONENT_CAST -1 1 0 0 0 -1 -1 0 0
84 OPPONENT_CAST 0 -1 1 0 0 -1 -1 1 0
85 OPPONENT_CAST 0 0 -1 1 0 -1 -1 1 0
1 0 0 1 9
0 2 1 0 74
----- 157 / 177 -----
25
62 BREW 0 -2 0 -3 17 1 2 0 0
58 BREW 0 -3 0 -2 14 0 0 0 0
68 BREW -1 0 -2 -1 12 0 0 0 0
71 BREW -2 0 -2 -2 17 0 0 0 0
64 BREW 0 0 -2 -3 18 0 0 0 0
23 LEARN 1 -3 1 1 0 0 0 0 1
14 LEARN 0 0 0 1 0 1 0 0 0
13 LEARN 4 0 0 0 0 2 0 0 0
40 LEARN 0 -2 2 0 0 3 0 0 1
34 LEARN -2 0 -1 2 0 4 0 0 1
2 LEARN 1 1 0 0 0 5 0 0 0
78 CAST 2 0 0 0 0 -1 -1 0 0
79 CAST -1 1 0 0 0 -1 -1 1 0
80 CAST 0 -1 1 0 0 -1 -1 1 0
81 CAST 0 0 -1 1 0 -1 -1 0 0
86 CAST 0 -3 3 0 0 -1 -1 1 1
87 CAST 1 1 3 -2 0 -1 -1 1 1
88 CAST 3 -1 0 0 0 -1 -1 0 1
89 CAST -3 3 0 0 0 -1 -1 0 1
90 CAST 0 0 -2 2 0 -1 -1 1 1
91 CAST -2 0 1 0 0 -1 -1 0 1
82 OPPONENT_CAST 2 0 0 0 0 -1 -1 1 0
83 OPPONENT_CAST -1 1 0 0 0 -1 -1 0 0
84 OPPONENT_CAST 0 -1 1 0 0 -1 -1 1 0
85 OPPONENT_CAST 0 0 -1 1 0 -1 -1 0 0
1 0 0 1 9
0 2 0 1 74
----- 159 / 177 -----
25
62 BREW 0 -2 0 -3 17 1 2 0 0
58 BREW 0 -3 0 -2 14 0 0 0 0
68 BREW -1 0 -2 -1 12 0 0 0 0
71 BREW -2 0 -2 -2 17 0 0 0 0
64 BREW 0 0 -2 -3 18 0 0 0 0
23 LEARN 1 -3 1 1 0 0 0 0 1
14 LEARN 0 0 0 1 0 1 0 0 0
13 LEARN 4 0 0 0 0 2 0 0 0
40 LEARN 0 -2 2 0 0 3 0 0 1
34 LEARN -2 0 -1 2 0 4 0 0 1
2 LEARN 1 1 0 0 0 5 0 0 0
78 CAST 2 0 0 0 0 -1 -1 0 0
79 CAST -1 1 0 0 0 -1 -1 1 0
80 CAST 0 -1 1 0 0 -1 -1 1 0
81 CAST 0 0 -1 1 0 -1 -1 0 0
86 CAST 0 -3 3 0 0 -1 -1 1 1
87 CAST 1 1 3 -2 0 -1 -1 1 1
88 CAST 3 -1 0 0 0 -1 -1 0 1
89 CAST -3 3 0 0 0 -1 -1 0 1
90 CAST 0 0 -2 2 0 -1 -1 1 1
91 CAST -2 0 1 0 0 -1 -1 0 1
82 OPPONENT_CAST 2 0 0 0 0 -1 -1 1 0
83 OPPONENT_CAST -1 1 0 0 0 -1 -1 0 0
84 OPPONENT_CAST 0 -1 1 0 0 -1 -1 0 0
85 OPPONENT_CAST 0 0 -1 1 0 -1 -1 0 0
1 0 0 1 9
0 1 1 1 74
----- 161 / 177 -----
25
62 BREW 0 -2 0 -3 17 1 2 0 0
58 BREW 0 -3 0 -2 14 0 0 0 0
68 BREW -1 0 -2 -1 12 0 0 0 0
71 BREW -2 0 -2 -2 17 0 0 0 0
64 BREW 0 0 -2 -3 18 0 0 0 0
23 LEARN 1 -3 1 1 0 0 0 0 1
14 LEARN 0 0 0 1 0 1 0 0 0
13 LEARN 4 0 0 0 0 2 0 0 0
40 LEARN 0 -2 2 0 0 3 0 0 1
34 LEARN -2 0 -1 2 0 4 0 0 1
2 LEARN 1 1 0 0 0 5 0 0 0
78 CAST 2 0 0 0 0 -1 -1 0 0
79 CAST -1 1 0 0 0 -1 -1 1 0
80 CAST 0 -1 1 0 0 -1 -1 1 0
81 CAST 0 0 -1 1 0 -1 -1 0 0
86 CAST 0 -3 3 0 0 -1 -1 1 1
87 CAST 1 1 3 -2 0 -1 -1 1 1
88 CAST 3 -1 0 0 0 -1 -1 0 1
89 CAST -3 3 0 0 0 -1 -1 0 1
90 CAST 0 0 -2 2 0 -1 -1 1 1
91 CAST -2 0 1 0 0 -1 -1 0 1
82 OPPONENT_CAST 2 0 0 0 0 -1 -1 0 0
83 OPPONENT_CAST -1 1 0 0 0 -1 -1 0 0
84 OPPONENT_CAST 0 -1 1 0 0 -1 -1 0 0
85 OPPONENT_CAST 0 0 -1 1 0 -1 -1 0 0
1 0 0 1 9
2 1 1 1 74
----- 163 / 177 -----
25
62 BREW 0 -2 0 -3 17 1 2 0 0
58 BREW 0 -3 0 -2 14 0 0 0 0
68 BREW -1 0 -2 -1 12 0 0 0 0
71 BREW -2 0 -2 -2 17 0 0 0 0
64 BREW 0 0 -2 -3 18 0 0 0 0
23 LEARN 1 -3 1 1 0 0 0 0 1
14 LEARN 0 0 0 1 0 1 0 0 0
13 LEARN 4 0 0 0 0 2 0 0 0
40 LEARN 0 -2 2 0 0 3 0 0 1
34 LEARN -2 0 -1 2 0 4 0 0 1
2 LEARN 1 1 0 0 0 5 0 0 0
78 CAST 2 0 0 0 0 -1 -1 0 0
79 CAST -1 1 0 0 0 -1 -1 1 0
80 CAST 0 -1 1 0 0 -1 -1 1 0
81 CAST 0 0 -1 1 0 -1 -1 0 0
86 CAST 0 -3 3 0 0 -1 -1 1 1
87 CAST 1 1 3 -2 0 -1 -1 1 1
88 CAST 3 -1 0 0 0 -1 -1 0 1
89 CAST -3 3 0 0 0 -1 -1 0 1
90 CAST 0 0 -2 2 0 -1 -1 1 1
91 CAST -2 0 1 0 0 -1 -1 0 1
82 OPPONENT_CAST 2 0 0 0 0 -1 -1 1 0
83 OPPONENT_CAST -1 1 0 0 0 -1 -1 1 0
84 OPPONENT_CAST 0 -1 1 0 0 -1 -1 1 0
85 OPPONENT_CAST 0 0 -1 1 0 -1 -1 1 0
1 0 0 1 9
2 1 1 1 74
----- 165 / 177 -----
25
62 BREW 0 -2 0 -3 17 1 2 0 0
58 BREW 0 -3 0 -2 14 0 0 0 0
68 BREW -1 0 -2 -1 12 0 0 0 0
71 BREW -2 0 -2 -2 17 0 0 0 0
64 BREW 0 0 -2 -3 18 0 0 0 0
23 LEARN 1 -3 1 1 0 0 0 0 1
14 LEARN 0 0 0 1 0 1 0 0 0
13 LEARN 4 0 0 0 0 2 0 0 0
40 LEARN 0 -2 2 0 0 3 0 0 1
34 LEARN -2 0 -1 2 0 4 0 0 1
2 LEARN 1 1 0 0 0 5 0 0 0
78 CAST 2 0 0 0 0 -1 -1 0 0
79 CAST -1 1 0 0 0 -1 -1 1 0
80 CAST 0 -1 1 0 0 -1 -1 1 0
81 CAST 0 0 -1 1 0 -1 -1 0 0
86 CAST 0 -3 3 0 0 -1 -1 1 1
87 CAST 1 1 3 -2 0 -1 -1 1 1
88 CAST 3 -1 0 0 0 -1 -1 0 1
89 CAST -3 3 0 0 0 -1 -1 0 1
90 CAST 0 0 -2 2 0 -1 -1 1 1
91 CAST -2 0 1 0 0 -1 -1 0 1
82 OPPONENT_CAST 2 0 0 0 0 -1 -1 1 0
83 OPPONENT_CAST -1 1 0 0 0 -1 -1 0 0
84 OPPONENT_CAST 0 -1 1 0 0 -1 -1 1 0
85 OPPONENT_CAST 0 0 -1 1 0 -1 -1 1 0
1 0 0 1 9
1 2 1 1 74
----- 167 / 177 -----
25
62 BREW 0 -2 0 -3 17 1 2 0 0
58 BREW 0 -3 0 -2 14 0 0 0 0
68 BREW -1 0 -2 -1 12 0 0 0 0
71 BREW -2 0 -2 -2 17 0 0 0 0
64 BREW 0 0 -2 -3 18 0 0 0 0
23 LEARN 1 -3 1 1 0 0 0 0 1
14 LEARN 0 0 0 1 0 1 0 0 0
13 LEARN 4 0 0 0 0 2 0 0 0
40 LEARN 0 -2 2 0 0 3 0 0 1
34 LEARN -2 0 -1 2 0 4 0 0 1
2 LEARN 1 1 0 0 0 5 0 0 0
78 CAST 2 0 0 0 0 -1 -1 0 0
79 CAST -1 1 0 0 0 -1 -1 1 0
80 CAST 0 -1 1 0 0 -1 -1 1 0
81 CAST 0 0 -1 1 0 -1 -1 0 0
86 CAST 0 -3 3 0 0 -1 -1 1 1
87 CAST 1 1 3 -2 0 -1 -1 1 1
88 CAST 3 -1 0 0 0 -1 -1 0 1
89 CAST -3 3 0 0 0 -1 -1 0 1
90 CAST 0 0 -2 2 0 -1 -1 1 1
91 CAST -2 0 1 0 0 -1 -1 0 1
82 OPPONENT_CAST 2 0 0 0 0 -1 -1 1 0
83 OPPONENT_CAST -1 1 0 0 0 -1 -1 0 0
84 OPPONENT_CAST 0 -1 1 0 0 -1 -1 1 0
85 OPPONENT_CAST 0 0 -1 1 0 -1 -1 0 0
1 0 0 1 9
1 2 0 2 74
----- 169 / 177 -----
25
62 BREW 0 -2 0 -3 17 1 2 0 0
58 BREW 0 -3 0 -2 14 0 0 0 0
68 BREW -1 0 -2 -1 12 0 0 0 0
71 BREW -2 0 -2 -2 17 0 0 0 0
64 BREW 0 0 -2 -3 18 0 0 0 0
23 LEARN 1 -3 1 1 0 0 0 0 1
14 LEARN 0 0 0 1 0 1 0 0 0
13 LEARN 4 0 0 0 0 2 0 0 0
40 LEARN 0 -2 2 0 0 3 0 0 1
34 LEARN -2 0 -1 2 0 4 0 0 1
2 LEARN 1 1 0 0 0 5 0 0 0
78 CAST 2 0 0 0 0 -1 -1 0 0
79 CAST -1 1 0 0 0 -1 -1 1 0
80 CAST 0 -1 1 0 0 -1 -1 1 0
81 CAST 0 0 -1 1 0 -1 -1 0 0
86 CAST 0 -3 3 0 0 -1 -1 1 1
87 CAST 1 1 3 -2 0 -1 -1 1 1
88 CAST 3 -1 0 0 0 -1 -1 0 1
89 CAST -3 3 0 0 0 -1 -1 0 1
90 CAST 0 0 -2 2 0 -1 -1 1 1
91 CAST -2 0 1 0 0 -1 -1 0 1
82 OPPONENT_CAST 2 0 0 0 0 -1 -1 1 0
83 OPPONENT_CAST -1 1 0 0 0 -1 -1 0 0
84 OPPONENT_CAST 0 -1 1 0 0 -1 -1 0 0
85 OPPONENT_CAST 0 0 -1 1 0 -1 -1 0 0
1 0 0 1 9
1 1 1 2 74
----- 171 / 177 -----
25
62 BREW 0 -2 0 -3 17 1 2 0 0
58 BREW 0 -3 0 -2 14 0 0 0 0
68 BREW -1 0 -2 -1 12 0 0 0 0
71 BREW -2 0 -2 -2 17 0 0 0 0
64 BREW 0 0 -2 -3 18 0 0 0 0
23 LEARN 1 -3 1 1 0 0 0 0 1
14 LEARN 0 0 0 1 0 1 0 0 0
13 LEARN 4 0 0 0 0 2 0 0 0
40 LEARN 0 -2 2 0 0 3 0 0 1
34 LEARN -2 0 -1 2 0 4 0 0 1
2 LEARN 1 1 0 0 0 5 0 0 0
78 CAST 2 0 0 0 0 -1 -1 0 0
79 CAST -1 1 0 0 0 -1 -1 1 0
80 CAST 0 -1 1 0 0 -1 -1 1 0
81 CAST 0 0 -1 1 0 -1 -1 0 0
86 CAST 0 -3 3 0 0 -1 -1 1 1
87 CAST 1 1 3 -2 0 -1 -1 1 1
88 CAST 3 -1 0 0 0 -1 -1 0 1
89 CAST -3 3 0 0 0 -1 -1 0 1
90 CAST 0 0 -2 2 0 -1 -1 1 1
91 CAST -2 0 1 0 0 -1 -1 0 1
82 OPPONENT_CAST 2 0 0 0 0 -1 -1 1 0
83 OPPONENT_CAST -1 1 0 0 0 -1 -1 1 0
84 OPPONENT_CAST 0 -1 1 0 0 -1 -1 1 0
85 OPPONENT_CAST 0 0 -1 1 0 -1 -1 1 0
1 0 0 1 9
1 1 1 2 74
----- 173 / 177 -----
25
62 BREW 0 -2 0 -3 17 1 2 0 0
58 BREW 0 -3 0 -2 14 0 0 0 0
68 BREW -1 0 -2 -1 12 0 0 0 0
71 BREW -2 0 -2 -2 17 0 0 0 0
64 BREW 0 0 -2 -3 18 0 0 0 0
23 LEARN 1 -3 1 1 0 0 0 0 1
14 LEARN 0 0 0 1 0 1 0 0 0
13 LEARN 4 0 0 0 0 2 0 0 0
40 LEARN 0 -2 2 0 0 3 0 0 1
34 LEARN -2 0 -1 2 0 4 0 0 1
2 LEARN 1 1 0 0 0 5 0 0 0
78 CAST 2 0 0 0 0 -1 -1 0 0
79 CAST -1 1 0 0 0 -1 -1 1 0
80 CAST 0 -1 1 0 0 -1 -1 1 0
81 CAST 0 0 -1 1 0 -1 -1 0 0
86 CAST 0 -3 3 0 0 -1 -1 1 1
87 CAST 1 1 3 -2 0 -1 -1 1 1
88 CAST 3 -1 0 0 0 -1 -1 0 1
89 CAST -3 3 0 0 0 -1 -1 0 1
90 CAST 0 0 -2 2 0 -1 -1 1 1
91 CAST -2 0 1 0 0 -1 -1 0 1
82 OPPONENT_CAST 2 0 0 0 0 -1 -1 1 0
83 OPPONENT_CAST -1 1 0 0 0 -1 -1 0 0
84 OPPONENT_CAST 0 -1 1 0 0 -1 -1 1 0
85 OPPONENT_CAST 0 0 -1 1 0 -1 -1 1 0
1 0 0 1 9
0 2 1 2 74
----- 175 / 177 -----
25
62 BREW 0 -2 0 -3 17 1 2 0 0
58 BREW 0 -3 0 -2 14 0 0 0 0
68 BREW -1 0 -2 -1 12 0 0 0 0
71 BREW -2 0 -2 -2 17 0 0 0 0
64 BREW 0 0 -2 -3 18 0 0 0 0
23 LEARN 1 -3 1 1 0 0 0 0 1
14 LEARN 0 0 0 1 0 1 0 0 0
13 LEARN 4 0 0 0 0 2 0 0 0
40 LEARN 0 -2 2 0 0 3 0 0 1
34 LEARN -2 0 -1 2 0 4 0 0 1
2 LEARN 1 1 0 0 0 5 0 0 0
78 CAST 2 0 0 0 0 -1 -1 0 0
79 CAST -1 1 0 0 0 -1 -1 1 0
80 CAST 0 -1 1 0 0 -1 -1 1 0
81 CAST 0 0 -1 1 0 -1 -1 0 0
86 CAST 0 -3 3 0 0 -1 -1 1 1
87 CAST 1 1 3 -2 0 -1 -1 1 1
88 CAST 3 -1 0 0 0 -1 -1 0 1
89 CAST -3 3 0 0 0 -1 -1 0 1
90 CAST 0 0 -2 2 0 -1 -1 1 1
91 CAST -2 0 1 0 0 -1 -1 0 1
82 OPPONENT_CAST 2 0 0 0 0 -1 -1 1 0
83 OPPONENT_CAST -1 1 0 0 0 -1 -1 0 0
84 OPPONENT_CAST 0 -1 1 0 0 -1 -1 1 0
85 OPPONENT_CAST 0 0 -1 1 0 -1 -1 0 0
1 0 0 1 9
0 2 0 3 74
